/*
Light yellowish brown loamy sand

Baldridge, A. M., Hook, S. J., Grove, C. I., & Rivera, G. (2009). The
ASTER spectral library version 2.0. Remote Sensing of Environment,
113(4), 711–715. DOI: 10.1016/j.rse.2008.11.007.

Meerdink, S. K., Hook, S. J., Roberts, D. A., & Abbott,
E. A. (2019). The ECOSTRESS spectral library version 1.0. Remote
Sensing of Environment, 230, 111196. DOI: 10.1016/j.rse.2019.05.015.

Directional (10 degree) hemispherical reflectance, so
albedo is an approximation to this reflection
*/

400.0	0.061194
401.0	0.062814
402.0	0.062325
403.0	0.064265
404.0	0.064124
405.0	0.065747
406.0	0.065721
407.0	0.065669
408.0	0.065617
409.0	0.069532
410.0	0.069417
411.0	0.070195
412.0	0.072829
413.0	0.074563
414.0	0.074563
415.0	0.074705
416.0	0.076353
417.0	0.078156
418.0	0.078156
419.0	0.080046
420.0	0.080376
421.0	0.081799
422.0	0.085206
423.0	0.082581
424.0	0.088282
425.0	0.088626
426.0	0.091607
427.0	0.091451
428.0	0.092981
429.0	0.092455
430.0	0.093933
431.0	0.095899
432.0	0.096994
433.0	0.096654
434.0	0.10101
435.0	0.102448
436.0	0.102509
437.0	0.104014
438.0	0.107405
439.0	0.106813
440.0	0.112766
441.0	0.110277
442.0	0.112337
443.0	0.113503
444.0	0.114592
445.0	0.116295
446.0	0.117449
447.0	0.117223
448.0	0.118906
449.0	0.120086
450.0	0.11952
451.0	0.123622
452.0	0.126144
453.0	0.126861
454.0	0.127029
455.0	0.127113
456.0	0.125584
457.0	0.130939
458.0	0.131089
459.0	0.129391
460.0	0.133281
461.0	0.136406
462.0	0.132916
463.0	0.136311
464.0	0.13903
465.0	0.138453
466.0	0.135745
467.0	0.13807
468.0	0.141073
469.0	0.140439
470.0	0.143174
471.0	0.14358
472.0	0.143378
473.0	0.141369
474.0	0.14438
475.0	0.144686
476.0	0.147096
477.0	0.149972
478.0	0.146785
479.0	0.152469
480.0	0.14908
481.0	0.151016
482.0	0.15377
483.0	0.153661
484.0	0.15598
485.0	0.155487
486.0	0.157853
487.0	0.158189
488.0	0.160934
489.0	0.16059
490.0	0.16059
491.0	0.161766
492.0	0.163756
493.0	0.164107
494.0	0.168362
495.0	0.167524
496.0	0.1687
497.0	0.170632
498.0	0.170253
499.0	0.171546
500.0	0.172038
501.0	0.175016
502.0	0.176846
503.0	0.179434
504.0	0.178797
505.0	0.17829
506.0	0.179069
507.0	0.183414
508.0	0.183938
509.0	0.185906
510.0	0.185642
511.0	0.184986
512.0	0.187002
513.0	0.186538
514.0	0.192073
515.0	0.192814
516.0	0.191636
517.0	0.194836
518.0	0.195527
519.0	0.197962
520.0	0.200252
521.0	0.202394
522.0	0.200677
523.0	0.201396
524.0	0.201112
525.0	0.208399
526.0	0.206098
527.0	0.207235
528.0	0.208224
529.0	0.210342
530.0	0.21394
531.0	0.216923
532.0	0.217435
533.0	0.221422
534.0	0.21907
535.0	0.219224
536.0	0.22396
537.0	0.228626
538.0	0.222256
539.0	0.223074
540.0	0.226925
541.0	0.23183
542.0	0.225667
543.0	0.226944
544.0	0.234985
545.0	0.236591
546.0	0.237088
547.0	0.237536
548.0	0.241097
549.0	0.24205
550.0	0.243339
551.0	0.243882
552.0	0.245255
553.0	0.247123
554.0	0.248053
555.0	0.247377
556.0	0.249058
557.0	0.252437
558.0	0.251686
559.0	0.256459
560.0	0.262849
561.0	0.266022
562.0	0.265075
563.0	0.268777
564.0	0.269123
565.0	0.267072
566.0	0.268168
567.0	0.270918
568.0	0.272561
569.0	0.275125
570.0	0.277566
571.0	0.279438
572.0	0.281136
573.0	0.281493
574.0	0.282973
575.0	0.283062
576.0	0.285198
577.0	0.286934
578.0	0.291146
579.0	0.289384
580.0	0.29009
581.0	0.289677
582.0	0.293157
583.0	0.291622
584.0	0.294557
585.0	0.297291
586.0	0.296021
587.0	0.301765
588.0	0.301031
589.0	0.300431
590.0	0.302331
591.0	0.302368
592.0	0.303054
593.0	0.309056
594.0	0.308611
595.0	0.303309
596.0	0.303801
597.0	0.304504
598.0	0.309532
599.0	0.309976
600.0	0.309989
601.0	0.311511
602.0	0.311727
603.0	0.311512
604.0	0.313436
605.0	0.315495
606.0	0.316123
607.0	0.314063
608.0	0.315123
609.0	0.318023
610.0	0.315968
611.0	0.315324
612.0	0.316532
613.0	0.317617
614.0	0.317913
615.0	0.318131
616.0	0.316001
617.0	0.316653
618.0	0.317962
619.0	0.319472
620.0	0.321206
621.0	0.324238
622.0	0.32486
623.0	0.322636
624.0	0.323616
625.0	0.321278
626.0	0.322991
627.0	0.324758
628.0	0.320842
629.0	0.321935
630.0	0.324586
631.0	0.321278
632.0	0.322333
633.0	0.326152
634.0	0.325268
635.0	0.328093
636.0	0.328316
637.0	0.326923
638.0	0.328252
639.0	0.329817
640.0	0.33245
641.0	0.333132
642.0	0.333421
643.0	0.334102
644.0	0.335014
645.0	0.335838
646.0	0.33433
647.0	0.334557
648.0	0.330163
649.0	0.336109
650.0	0.341891
651.0	0.34282
652.0	0.342705
653.0	0.338756
654.0	0.33725
655.0	0.340606
656.0	0.338226
657.0	0.342474
658.0	0.34682
659.0	0.341855
660.0	0.343265
661.0	0.34561
662.0	0.342007
663.0	0.345353
664.0	0.338462
665.0	0.34259
666.0	0.345246
667.0	0.345711
668.0	0.346409
669.0	0.346176
670.0	0.343631
671.0	0.344552
672.0	0.347689
673.0	0.350012
674.0	0.348839
675.0	0.355912
676.0	0.351484
677.0	0.350781
678.0	0.34998
679.0	0.352899
680.0	0.358576
681.0	0.356965
682.0	0.358089
683.0	0.356166
684.0	0.356567
685.0	0.352143
686.0	0.353318
687.0	0.354499
688.0	0.356091
689.0	0.352847
690.0	0.357599
691.0	0.359348
692.0	0.359348
693.0	0.358526
694.0	0.361343
695.0	0.363043
696.0	0.360861
697.0	0.362799
698.0	0.362921
699.0	0.377324
700.0	0.364042
701.0	0.367736
702.0	0.368219
703.0	0.368985
704.0	0.367905
705.0	0.365458
706.0	0.366533
707.0	0.36802
708.0	0.369064
709.0	0.370306
710.0	0.369823
711.0	0.369525
712.0	0.371789
713.0	0.370547
714.0	0.371305
715.0	0.374784
716.0	0.373973
717.0	0.372546
718.0	0.377251
719.0	0.376498
720.0	0.376007
721.0	0.376214
722.0	0.375727
723.0	0.374755
724.0	0.37575
725.0	0.376257
726.0	0.376805
727.0	0.379267
728.0	0.381483
729.0	0.383212
730.0	0.382968
731.0	0.382673
732.0	0.382921
733.0	0.386389
734.0	0.381445
735.0	0.382674
736.0	0.383663
737.0	0.384408
738.0	0.38992
739.0	0.387127
740.0	0.387377
741.0	0.386877
742.0	0.389833
743.0	0.390792
744.0	0.391797
745.0	0.386844
746.0	0.38635
747.0	0.389294
748.0	0.386316
749.0	0.387053
750.0	0.388535
751.0	0.391545
752.0	0.391269
753.0	0.389772
754.0	0.387793
755.0	0.392491
756.0	0.392743
757.0	0.395176
758.0	0.393416
759.0	0.391219
760.0	0.392669
761.0	0.389978
762.0	0.393168
763.0	0.396117
764.0	0.400168
765.0	0.397127
766.0	0.395842
767.0	0.395813
768.0	0.393834
769.0	0.396585
770.0	0.399837
771.0	0.403264
772.0	0.403007
773.0	0.402495
774.0	0.402186
775.0	0.399938
776.0	0.398986
777.0	0.396501
778.0	0.395505
779.0	0.395972
780.0	0.404056
781.0	0.408102
782.0	0.402832
783.0	0.401568
784.0	0.40217
785.0	0.404212
786.0	0.403189
787.0	0.40712
788.0	0.404358
789.0	0.402832
790.0	0.398143
791.0	0.397397
792.0	0.405067
793.0	0.406348
794.0	0.403819
795.0	0.406031
796.0	0.404812
797.0	0.403104
798.0	0.404163
799.0	0.404133
800.0	0.40909
804.0	0.405924
808.0	0.404941
812.0	0.40644
816.0	0.409127
820.0	0.408105
824.0	0.407861
828.0	0.408117
832.0	0.406649
836.0	0.408592
840.0	0.407389
844.0	0.412812
848.0	0.409594
852.0	0.411796
856.0	0.407366
860.0	0.405671
864.0	0.405225
868.0	0.4031
872.0	0.405772
876.0	0.406503
880.0	0.404624
884.0	0.405586
888.0	0.405376
892.0	0.401612
896.0	0.404007
900.0	0.404742
904.0	0.40454
908.0	0.407595
912.0	0.404799
916.0	0.405745
920.0	0.40669
924.0	0.407429
928.0	0.407885
932.0	0.40952
936.0	0.408604
940.0	0.411419
944.0	0.412604
948.0	0.411419
952.0	0.415184
956.0	0.415418
960.0	0.415888
964.0	0.412878
968.0	0.413585
972.0	0.417327
976.0	0.418724
980.0	0.417093
984.0	0.420583
988.0	0.421264
992.0	0.422371
996.0	0.422438
1000.0	0.422422
1004.0	0.427323
1008.0	0.427085
1012.0	0.426847
1016.0	0.427057
1020.0	0.428659
1024.0	0.43261
1028.0	0.429743
1032.0	0.428762
1036.0	0.429869
1040.0	0.436164
1044.0	0.440602
1048.0	0.434009
1052.0	0.434154
1056.0	0.436831
1060.0	0.43646
1064.0	0.4355
1068.0	0.436296
1072.0	0.436296
1076.0	0.433829
1080.0	0.435234
1084.0	0.440144
1088.0	0.441355
1092.0	0.443474
1096.0	0.444055
1100.0	0.44422
1104.0	0.444467
1108.0	0.444143
1112.0	0.445032
1116.0	0.444223
1120.0	0.443332
1124.0	0.444953
1128.0	0.447314
1132.0	0.445518
1136.0	0.448761
1140.0	0.45177
1144.0	0.452164
1148.0	0.451677
1152.0	0.446861
1156.0	0.447558
1160.0	0.448486
1164.0	0.449379
1168.0	0.450129
1172.0	0.449404
1176.0	0.453458
1180.0	0.452835
1184.0	0.455672
1188.0	0.455918
1192.0	0.458267
1196.0	0.457647
1200.0	0.459013
1204.0	0.46288
1208.0	0.461247
1212.0	0.463734
1216.0	0.468357
1220.0	0.470442
1224.0	0.469932
1228.0	0.472081
1232.0	0.474668
1236.0	0.47363
1240.0	0.475354
1244.0	0.475956
1248.0	0.478011
1252.0	0.479202
1256.0	0.4815
1260.0	0.483201
1264.0	0.486153
1268.0	0.491992
1272.0	0.494818
1276.0	0.490297
1280.0	0.489724
1284.0	0.490442
1288.0	0.489746
1292.0	0.489317
1296.0	0.491018
1300.0	0.490585
1304.0	0.493307
1308.0	0.497714
1312.0	0.498819
1316.0	0.496458
1320.0	0.494269
1324.0	0.493897
1328.0	0.49638
1332.0	0.497163
1336.0	0.499312
1340.0	0.501219
1344.0	0.500717
1348.0	0.502536
1352.0	0.498472
1356.0	0.497213
1360.0	0.503526
1364.0	0.505736
1368.0	0.501239
1372.0	0.495062
1376.0	0.492874
1380.0	0.494998
1384.0	0.494075
1388.0	0.489063
1392.0	0.485989
1396.0	0.481784
1400.0	0.477265
1404.0	0.470141
1408.0	0.469375
1412.0	0.473875
1416.0	0.481458
1420.0	0.4844
1424.0	0.48688
1428.0	0.490318
1432.0	0.493807
1436.0	0.495669
1440.0	0.499716
1444.0	0.501357
1448.0	0.504408
1452.0	0.505948
1456.0	0.508612
1460.0	0.508082
1464.0	0.513149
1468.0	0.514745
1472.0	0.517944
1476.0	0.520694
1480.0	0.522555
1484.0	0.525167
1488.0	0.528764
1492.0	0.529006
1496.0	0.530998
1500.0	0.52231
1504.0	0.521318
1508.0	0.523377
1512.0	0.528747
1516.0	0.533023
1520.0	0.532972
1524.0	0.533976
1528.0	0.53453
1532.0	0.539156
1536.0	0.539653
1540.0	0.538315
1544.0	0.535253
1548.0	0.535419
1552.0	0.539615
1556.0	0.538072
1560.0	0.542061
1564.0	0.541781
1568.0	0.544237
1572.0	0.544028
1576.0	0.546215
1580.0	0.547272
1584.0	0.545083
1588.0	0.545985
1592.0	0.544299
1596.0	0.545141
1600.0	0.549443
1604.0	0.549551
1608.0	0.551359
1612.0	0.552689
1616.0	0.548249
1620.0	0.550136
1624.0	0.551744
1628.0	0.55212
1632.0	0.554306
1636.0	0.552593
1640.0	0.556588
1644.0	0.555731
1648.0	0.557344
1652.0	0.558009
1656.0	0.559973
1660.0	0.55781
1664.0	0.560548
1668.0	0.559421
1672.0	0.55885
1676.0	0.558749
1680.0	0.559787
1684.0	0.559759
1688.0	0.559217
1692.0	0.565056
1696.0	0.564651
1700.0	0.560047
1704.0	0.560047
1708.0	0.565686
1712.0	0.564939
1716.0	0.56147
1720.0	0.561478
1724.0	0.5617
1728.0	0.560749
1732.0	0.565345
1736.0	0.5673
1740.0	0.567919
1744.0	0.564577
1748.0	0.566936
1752.0	0.566593
1756.0	0.566999
1760.0	0.569461
1764.0	0.571708
1768.0	0.568381
1772.0	0.570247
1776.0	0.571285
1780.0	0.567802
1784.0	0.566936
1788.0	0.569828
1792.0	0.570445
1796.0	0.568132
1800.0	0.568709
1804.0	0.568709
1808.0	0.569799
1812.0	0.572961
1816.0	0.57222
1820.0	0.571509
1824.0	0.570641
1828.0	0.571026
1832.0	0.570468
1836.0	0.572422
1840.0	0.570058
1844.0	0.568419
1848.0	0.568503
1852.0	0.563957
1856.0	0.565501
1860.0	0.563903
1864.0	0.556214
1868.0	0.549815
1872.0	0.538603
1876.0	0.529665
1880.0	0.516067
1884.0	0.50562
1888.0	0.486658
1892.0	0.470823
1896.0	0.45329
1900.0	0.443037
1904.0	0.442521
1908.0	0.442752
1912.0	0.448621
1916.0	0.450715
1920.0	0.453673
1924.0	0.460088
1928.0	0.470225
1932.0	0.472945
1936.0	0.479031
1940.0	0.48101
1944.0	0.48392
1948.0	0.488621
1952.0	0.489901
1956.0	0.493544
1960.0	0.497444
1964.0	0.495193
1968.0	0.497227
1972.0	0.500548
1976.0	0.502323
1980.0	0.507393
1984.0	0.513499
1988.0	0.515015
1992.0	0.516756
1996.0	0.523109
2000.0	0.523563
2004.0	0.524983
2008.0	0.52799
2012.0	0.531009
2016.0	0.535521
2020.0	0.535934
2024.0	0.540679
2028.0	0.540611
2032.0	0.539279
2036.0	0.538371
2040.0	0.543198
2044.0	0.544193
2048.0	0.538891
2052.0	0.54245
2056.0	0.543778
2060.0	0.542909
2064.0	0.544695
2068.0	0.547316
2072.0	0.548222
2076.0	0.548438
2079.5	0.550673
2080.3	0.550881
2081.2	0.551615
2082.0	0.55144
2082.8	0.55158
2083.7	0.551684
2084.5	0.551757
2085.3	0.551928
2086.2	0.552037
2087.0	0.552058
2087.9	0.551977
2088.7	0.551802
2089.5	0.551598
2090.4	0.551416
2091.2	0.551291
2092.1	0.551224
2092.9	0.551191
2093.8	0.551165
2094.6	0.551122
2095.5	0.551066
2096.3	0.551004
2097.1	0.550957
2098.0	0.550938
2098.8	0.550947
2099.7	0.550973
2100.5	0.550992
2101.4	0.550973
2102.3	0.550881
2103.1	0.550715
2104.0	0.5505
2104.8	0.550279
2105.7	0.550111
2106.5	0.550031
2107.4	0.550047
2108.2	0.550123
2109.1	0.550197
2110.0	0.550225
2110.8	0.550187
2111.7	0.550097
2112.5	0.549988
2113.4	0.5499
2114.3	0.549858
2115.1	0.549867
2116.0	0.549912
2116.8	0.549974
2117.7	0.550026
2118.6	0.550043
2119.4	0.54999
2120.3	0.549865
2121.2	0.549687
2122.0	0.549503
2122.9	0.549368
2123.8	0.54933
2124.7	0.549394
2125.5	0.549517
2126.4	0.549638
2127.3	0.549704
2128.1	0.549699
2129.0	0.549638
2129.9	0.549555
2130.8	0.549479
2131.6	0.549408
2132.5	0.54932
2133.4	0.549185
2134.3	0.548993
2135.2	0.548752
2136.0	0.54848
2136.9	0.5482
2137.8	0.54793
2138.7	0.547672
2139.6	0.547426
2140.4	0.547198
2141.3	0.547
2142.2	0.546834
2143.1	0.546687
2144.0	0.546531
2144.9	0.546322
2145.8	0.546014
2146.6	0.545581
2147.5	0.54501
2148.4	0.544328
2149.3	0.54357
2150.2	0.542794
2151.1	0.542052
2152.0	0.541387
2152.9	0.540814
2153.8	0.540317
2154.7	0.53986
2155.6	0.539395
2156.5	0.538891
2157.4	0.538344
2158.3	0.537768
2159.2	0.537193
2160.1	0.536644
2161.0	0.536127
2161.9	0.53563
2162.8	0.535135
2163.7	0.534631
2164.6	0.534119
2165.5	0.533612
2166.4	0.533129
2167.3	0.532689
2168.2	0.532296
2169.1	0.531936
2170.0	0.531585
2170.9	0.531213
2171.8	0.530787
2172.7	0.530299
2173.6	0.529764
2174.6	0.529215
2175.5	0.528679
2176.4	0.52817
2177.3	0.527666
2178.2	0.527121
2179.1	0.526491
2180.0	0.525755
2181.0	0.524928
2181.9	0.524054
2182.8	0.52319
2183.7	0.522375
2184.6	0.521608
2185.6	0.520862
2186.5	0.520097
2187.4	0.51928
2188.3	0.518404
2189.3	0.517476
2190.2	0.516521
2191.1	0.515565
2192.0	0.514617
2193.0	0.513675
2193.9	0.512728
2194.8	0.511764
2195.7	0.510769
2196.7	0.509732
2197.6	0.508647
2198.5	0.507513
2199.5	0.506317
2200.4	0.50505
2201.3	0.503707
2202.3	0.502291
2203.2	0.500828
2204.1	0.499373
2205.1	0.498017
2206.0	0.496866
2207.0	0.496032
2207.9	0.495601
2208.8	0.495625
2209.8	0.496108
2210.7	0.497022
2211.7	0.498298
2212.6	0.499857
2213.6	0.501583
2214.5	0.503361
2215.5	0.505067
2216.4	0.506592
2217.3	0.507875
2218.3	0.508905
2219.2	0.509715
2220.2	0.510376
2221.1	0.510949
2222.1	0.511477
2223.1	0.511967
2224.0	0.512405
2225.0	0.51277
2225.9	0.513052
2226.9	0.51326
2227.8	0.513417
2228.8	0.513547
2229.7	0.513665
2230.7	0.513779
2231.7	0.513874
2232.6	0.513926
2233.6	0.513916
2234.5	0.513833
2235.5	0.513684
2236.5	0.513488
2237.4	0.513272
2238.4	0.513064
2239.4	0.512872
2240.3	0.512685
2241.3	0.512486
2242.3	0.512278
2243.3	0.512069
2244.2	0.511892
2245.2	0.511778
2246.2	0.51174
2247.1	0.511766
2248.1	0.51183
2249.1	0.511901
2250.1	0.511965
2251.0	0.512019
2252.0	0.51209
2253.0	0.512202
2254.0	0.512372
2255.0	0.512602
2255.9	0.512891
2256.9	0.51322
2257.9	0.513563
2258.9	0.513878
2259.9	0.514139
2260.9	0.514333
2261.8	0.514461
2262.8	0.514551
2263.8	0.514629
2264.8	0.51471
2265.8	0.514769
2266.8	0.514757
2267.8	0.514624
2268.8	0.514345
2269.8	0.513928
2270.8	0.513424
2271.8	0.512896
2272.8	0.512389
2273.8	0.511915
2274.7	0.511453
2275.7	0.510954
2276.7	0.510369
2277.7	0.509665
2278.7	0.508844
2279.8	0.507918
2280.8	0.506916
2281.8	0.505874
2282.8	0.50482
2283.8	0.503766
2284.8	0.502708
2285.8	0.501635
2286.8	0.500539
2287.8	0.499418
2288.8	0.498291
2289.8	0.497188
2290.8	0.496148
2291.8	0.495198
2292.9	0.494344
2293.9	0.493569
2294.9	0.492854
2295.9	0.492177
2296.9	0.491528
2297.9	0.4909
2299.0	0.490301
2300.0	0.489723
2301.0	0.48916
2302.0	0.488603
2303.0	0.488054
2304.1	0.487507
2305.1	0.486967
2306.1	0.486422
2307.1	0.485866
2308.2	0.485292
2309.2	0.4847
2310.2	0.484108
2311.3	0.48354
2312.3	0.483031
2313.3	0.482607
2314.4	0.482278
2315.4	0.482034
2316.4	0.481861
2317.5	0.481726
2318.5	0.481603
2319.5	0.481473
2320.6	0.481316
2321.6	0.48112
2322.6	0.480869
2323.7	0.480551
2324.7	0.48017
2325.8	0.479746
2326.8	0.479299
2327.9	0.478868
2328.9	0.478484
2330.0	0.478148
2331.0	0.47784
2332.1	0.47752
2333.1	0.47716
2334.2	0.476741
2335.2	0.47627
2336.3	0.47578
2337.3	0.475313
2338.4	0.474896
2339.4	0.474536
2340.5	0.474228
2341.5	0.473961
2342.6	0.473707
2343.6	0.473452
2344.7	0.473186
2345.8	0.472916
2346.8	0.472649
2347.9	0.472403
2349.0	0.472204
2350.0	0.472071
2351.1	0.472009
2352.2	0.472007
2353.2	0.472043
2354.3	0.472092
2355.4	0.472144
2356.4	0.472189
2357.5	0.47223
2358.6	0.472272
2359.7	0.472308
2360.7	0.472327
2361.8	0.47231
2362.9	0.472249
2364.0	0.47214
2365.0	0.471986
2366.1	0.471794
2367.2	0.471569
2368.3	0.471304
2369.4	0.470993
2370.4	0.470629
2371.5	0.470205
2372.6	0.469715
2373.7	0.469158
2374.8	0.468526
2375.9	0.467813
2377.0	0.467024
2378.1	0.466181
2379.1	0.465324
2380.2	0.464505
2381.3	0.463761
2382.4	0.463122
2383.5	0.462584
2384.6	0.462129
2385.7	0.461739
2386.8	0.461393
2387.9	0.46108
2389.0	0.460794
2390.1	0.460531
2391.2	0.460294
2392.3	0.460093
2393.4	0.459934
2394.5	0.45983
2395.6	0.459776
2396.7	0.459759
2397.9	0.459749
2399.0	0.459714
2400.1	0.459622
2401.2	0.459463
2402.3	0.459238
2403.4	0.458968
2404.5	0.458674
2405.6	0.458381
2406.8	0.458111
2407.9	0.457862
2409.0	0.45763
2410.1	0.457393
2411.2	0.457133
2412.4	0.45683
2413.5	0.456481
2414.6	0.4561
2415.7	0.4557
2416.9	0.455297
2418.0	0.454892
2419.1	0.454478
2420.2	0.45404
2421.4	0.453573
2422.5	0.453085
2423.6	0.452586
2424.8	0.452096
2425.9	0.45162
2427.0	0.451139
2428.2	0.450623
2429.3	0.450028
2430.5	0.449337
2431.6	0.448558
2432.7	0.447729
2433.9	0.446909
2435.0	0.446149
2436.2	0.445477
2437.3	0.444885
2438.5	0.444347
2439.6	0.443831
2440.8	0.443317
2441.9	0.442803
2443.1	0.442299
2444.2	0.441815
2445.4	0.441356
2446.5	0.440918
2447.7	0.440494
2448.8	0.440077
2450.0	0.439675
2451.1	0.439296
2452.3	0.438936
2453.5	0.43859
2454.6	0.438239
2455.8	0.437875
2456.9	0.437482
2458.1	0.437072
2459.3	0.436655
2460.4	0.436248
2461.6	0.435848
2462.8	0.435447
2464.0	0.435024
2465.1	0.434562
2466.3	0.43405
2467.5	0.433506
2468.6	0.432958
2469.8	0.432442
2471.0	0.431988
2472.2	0.431594
2473.4	0.431251
2474.5	0.430922
2475.7	0.430567
2476.9	0.430157
2478.1	0.429686
2479.3	0.429153
2480.5	0.428577
2481.6	0.42799
2482.8	0.427417
2484.0	0.426879
2485.2	0.426394
2486.4	0.425961
2487.6	0.425565
2488.8	0.425186
2490.0	0.4248
2491.2	0.424395
2492.4	0.423964
2493.6	0.423517
2494.8	0.423071
2496.0	0.422638
2497.2	0.422224
2498.4	0.421821
2499.6	0.421423
2500.8	0.421018
2502.0	0.420606
2503.2	0.420196
2504.4	0.419806
2505.6	0.419451
2506.8	0.419133
2508.1	0.418847
2509.3	0.418562
2510.5	0.418252
2511.7	0.417895
2512.9	0.417485
2514.1	0.417049
2515.4	0.416616
2516.6	0.416216
2517.8	0.41586
2519.0	0.415555
2520.2	0.415283
2521.5	0.415024
2522.7	0.414764
2523.9	0.41448
2525.2	0.414141
2526.4	0.413701
2527.6	0.413132
2528.9	0.412436
2530.1	0.411657
2531.3	0.41089
2532.6	0.410253
2533.8	0.409831
2535.0	0.409627
2536.3	0.409552
2537.5	0.409478
2538.8	0.409301
2540.0	0.408957
2541.3	0.408467
2542.5	0.40791
2543.7	0.407342
2545.0	0.406745
2546.2	0.40608
2547.5	0.405374
2548.7	0.404754
2550.0	0.40441
2551.3	0.404503
2552.5	0.405014
2553.8	0.405616
2555.0	0.405741
2556.3	0.404839
2557.5	0.402674
2558.8	0.39953
2560.1	0.396136
2561.3	0.393403
2562.6	0.392008
2563.9	0.392098
2565.1	0.393218
2566.4	0.394537
2567.7	0.395267
2569.0	0.395021
2570.2	0.393917
2571.5	0.39247
2572.8	0.391277
2574.1	0.390763
2575.3	0.390914
2576.6	0.391269
2577.9	0.391241
2579.2	0.390412
2580.5	0.388771
2581.7	0.386753
2583.0	0.385046
2584.3	0.384248
2585.6	0.384411
2586.9	0.384866
2588.2	0.384591
2589.5	0.382787
2590.8	0.379386
2592.1	0.375218
2593.4	0.371727
2594.7	0.370323
2596.0	0.371571
2597.3	0.374763
2598.6	0.378313
2599.9	0.380577
2601.2	0.380615
2602.5	0.378574
2603.8	0.37558
2605.1	0.373167
2606.4	0.37248
2607.7	0.373655
2609.0	0.375874
2610.3	0.377901
2611.7	0.378614
2613.0	0.377451
2614.3	0.374685
2615.6	0.371313
2616.9	0.368566
2618.3	0.367278
2619.6	0.367578
2620.9	0.368952
2622.2	0.370392
2623.6	0.370816
2624.9	0.369662
2626.2	0.367105
2627.5	0.363953
2628.9	0.361208
2630.2	0.359721
2631.5	0.35991
2632.9	0.361521
2634.2	0.363796
2635.6	0.365885
2636.9	0.367098
2638.2	0.367086
2639.6	0.365873
2640.9	0.363825
2642.3	0.361442
2643.6	0.359084
2645.0	0.356905
2646.3	0.354871
2647.7	0.352801
2649.0	0.35053
2650.4	0.348036
2651.7	0.345441
2653.1	0.342935
2654.5	0.340626
2655.8	0.338422
2657.2	0.335971
2658.5	0.332729
2659.9	0.328267
2661.3	0.322444
2662.6	0.315472
2664.0	0.307981
2665.4	0.300882
2666.7	0.294985
2668.1	0.290661
2669.5	0.287717
2670.9	0.285595
2672.2	0.283523
2673.6	0.280781
2675.0	0.277041
2676.4	0.272402
2677.8	0.267157
2679.1	0.261485
2680.5	0.255344
2681.9	0.248465
2683.3	0.240427
2684.7	0.230803
2686.1	0.219379
2687.5	0.20625
2688.9	0.191766
2690.3	0.176475
2691.7	0.161037
2693.1	0.146134
2694.5	0.132368
2695.9	0.120167
2697.3	0.10975
2698.7	0.101158
2700.1	0.094307
2701.5	0.089033
2702.9	0.08514
2704.3	0.082433
2705.7	0.080733
2707.1	0.079852
2708.5	0.079563
2710.0	0.079622
2711.4	0.079736
2712.8	0.07957
2714.2	0.078836
2715.6	0.077358
2717.1	0.075151
2718.5	0.072425
2719.9	0.069531
2721.3	0.066837
2722.8	0.064596
2724.2	0.062877
2725.6	0.061567
2727.1	0.060452
2728.5	0.059294
2729.9	0.057925
2731.4	0.056282
2732.8	0.054399
2734.3	0.052381
2735.7	0.05038
2737.1	0.048557
2738.6	0.047039
2740.0	0.045895
2741.5	0.045111
2742.9	0.044588
2744.4	0.044161
2745.8	0.043669
2747.3	0.042982
2748.8	0.042051
2750.2	0.040912
2751.7	0.039674
2753.1	0.038468
2754.6	0.037407
2756.1	0.036581
2757.5	0.036029
2759.0	0.035754
2760.5	0.035731
2761.9	0.03593
2763.4	0.036325
2764.9	0.036879
2766.4	0.037554
2767.8	0.038303
2769.3	0.039068
2770.8	0.039785
2772.3	0.040398
2773.8	0.040874
2775.2	0.041213
2776.7	0.041445
2778.2	0.041623
2779.7	0.041803
2781.2	0.042032
2782.7	0.042328
2784.2	0.042684
2785.7	0.043072
2787.2	0.04347
2788.7	0.043856
2790.2	0.04423
2791.7	0.044588
2793.2	0.044933
2794.7	0.045248
2796.2	0.045504
2797.7	0.045684
2799.2	0.045779
2800.7	0.045819
2802.2	0.045855
2803.8	0.045952
2805.3	0.046158
2806.8	0.046477
2808.3	0.046882
2809.8	0.047325
2811.4	0.047754
2812.9	0.048128
2814.4	0.048438
2815.9	0.048701
2817.5	0.04894
2819.0	0.049182
2820.5	0.04945
2822.1	0.049753
2823.6	0.050087
2825.2	0.050439
2826.7	0.050785
2828.2	0.051102
2829.8	0.051368
2831.3	0.051576
2832.9	0.05174
2834.4	0.051884
2836.0	0.052031
2837.5	0.052204
2839.1	0.052403
2840.6	0.052613
2842.2	0.052815
2843.7	0.052988
2845.3	0.053115
2846.9	0.053205
2848.4	0.053262
2850.0	0.053288
2851.6	0.053293
2853.1	0.053279
2854.7	0.053255
2856.3	0.053236
2857.9	0.053236
2859.4	0.05326
2861.0	0.0533
2862.6	0.05334
2864.2	0.053357
2865.8	0.053333
2867.3	0.053258
2868.9	0.053137
2870.5	0.052995
2872.1	0.05285
2873.7	0.052729
2875.3	0.052647
2876.9	0.052602
2878.5	0.05259
2880.1	0.05259
2881.7	0.05258
2883.3	0.052549
2884.9	0.052493
2886.5	0.05241
2888.1	0.052308
2889.7	0.052194
2891.3	0.052076
2892.9	0.051962
2894.6	0.05186
2896.2	0.051787
2897.8	0.051742
2899.4	0.051713
2901.0	0.05168
2902.7	0.051614
2904.3	0.05151
2905.9	0.051372
2907.5	0.05123
2909.2	0.051117
2910.8	0.051062
2912.4	0.051065
2914.1	0.051098
2915.7	0.051126
2917.4	0.051121
2919.0	0.051074
2920.7	0.051001
2922.3	0.050937
2923.9	0.050913
2925.6	0.050937
2927.2	0.050996
2928.9	0.05106
2930.6	0.051098
2932.2	0.051091
2933.9	0.051048
2935.5	0.051001
2937.2	0.050982
2938.9	0.05102
2940.5	0.051121
2942.2	0.051273
2943.9	0.051443
2945.5	0.051593
2947.2	0.05169
2948.9	0.051728
2950.6	0.051718
2952.3	0.051697
2953.9	0.05169
2955.6	0.051721
2957.3	0.051794
2959.0	0.051898
2960.7	0.052021
2962.4	0.052152
2964.1	0.052289
2965.8	0.05244
2967.5	0.052618
2969.2	0.052815
2970.9	0.053023
2972.6	0.053227
2974.3	0.053419
2976.0	0.053608
2977.7	0.053812
2979.4	0.054046
2981.1	0.054316
2982.8	0.054596
2984.5	0.054856
2986.3	0.05506
2988.0	0.055206
2989.7	0.055311
2991.4	0.05541
2993.2	0.055548
2994.9	0.055746
2996.6	0.056009
2998.4	0.056305
3000.1	0.056613
3001.8	0.056912
3003.6	0.057193
3005.3	0.057463
3007.0	0.057731
3008.8	0.057991
3010.5	0.058233
3012.3	0.058444
3014.0	0.058617
3015.8	0.058756
3017.6	0.058887
3019.3	0.059038
3021.1	0.059232
3022.8	0.059472
3024.6	0.059737
3026.4	0.060002
3028.1	0.060239
3029.9	0.060438
3031.7	0.060601
3033.4	0.060748
3035.2	0.060902
3037.0	0.06108
3038.8	0.061288
3040.6	0.061525
3042.3	0.061785
3044.1	0.062053
3045.9	0.062313
3047.7	0.062548
3049.5	0.062749
3051.3	0.062912
3053.1	0.063045
3054.9	0.063159
3056.7	0.06327
3058.5	0.063391
3060.3	0.063531
3062.1	0.063687
3063.9	0.063867
3065.7	0.064066
3067.5	0.064286
3069.4	0.064525
3071.2	0.064781
3073.0	0.065044
3074.8	0.065311
3076.6	0.065579
3078.5	0.065849
3080.3	0.066117
3082.1	0.066391
3084.0	0.066673
3085.8	0.066962
3087.6	0.06726
3089.5	0.067564
3091.3	0.067871
3093.2	0.068184
3095.0	0.068504
3096.9	0.068842
3098.7	0.069205
3100.6	0.069595
3102.4	0.070019
3104.3	0.070476
3106.1	0.070962
3108.0	0.071462
3109.9	0.071971
3111.7	0.072477
3113.6	0.072977
3115.5	0.073472
3117.4	0.073962
3119.2	0.074453
3121.1	0.07495
3123.0	0.075464
3124.9	0.076011
3126.8	0.076593
3128.6	0.077226
3130.5	0.077903
3132.4	0.078613
3134.3	0.07934
3136.2	0.080058
3138.1	0.080757
3140.0	0.081429
3141.9	0.082076
3143.8	0.08271
3145.7	0.083354
3147.6	0.08402
3149.5	0.084721
3151.5	0.085464
3153.4	0.086248
3155.3	0.087051
3157.2	0.087854
3159.1	0.088633
3161.1	0.089374
3163.0	0.090071
3164.9	0.090743
3166.9	0.091418
3168.8	0.092121
3170.7	0.092874
3172.7	0.093684
3174.6	0.094542
3176.6	0.095423
3178.5	0.096306
3180.5	0.097177
3182.4	0.098035
3184.4	0.098882
3186.3	0.09973
3188.3	0.100588
3190.2	0.101452
3192.2	0.102307
3194.2	0.103143
3196.1	0.103946
3198.1	0.104715
3200.1	0.105464
3202.1	0.106214
3204.0	0.106996
3206.0	0.107829
3208.0	0.108729
3210.0	0.109691
3212.0	0.110695
3214.0	0.111711
3216.0	0.112698
3218.0	0.113634
3220.0	0.114508
3222.0	0.115332
3224.0	0.116134
3226.0	0.116951
3228.0	0.117806
3230.0	0.118716
3232.0	0.119663
3234.0	0.120627
3236.1	0.121581
3238.1	0.122517
3240.1	0.123433
3242.1	0.12434
3244.2	0.125254
3246.2	0.126185
3248.2	0.127127
3250.3	0.128072
3252.3	0.12901
3254.3	0.129931
3256.4	0.130831
3258.4	0.131724
3260.5	0.132622
3262.5	0.13354
3264.6	0.134497
3266.6	0.135497
3268.7	0.136541
3270.8	0.137614
3272.8	0.138703
3274.9	0.13979
3277.0	0.14087
3279.0	0.141931
3281.1	0.142982
3283.2	0.144024
3285.3	0.145059
3287.4	0.146087
3289.4	0.147108
3291.5	0.148126
3293.6	0.149144
3295.7	0.150172
3297.8	0.151219
3299.9	0.152284
3302.0	0.153364
3304.1	0.154451
3306.2	0.155534
3308.3	0.156611
3310.4	0.157679
3312.6	0.158738
3314.7	0.159784
3316.8	0.160819
3318.9	0.16183
3321.0	0.162816
3323.2	0.163777
3325.3	0.16472
3327.4	0.165655
3329.6	0.166579
3331.7	0.16749
3333.9	0.168374
3336.0	0.169221
3338.2	0.170022
3340.3	0.170777
3342.5	0.171502
3344.6	0.172205
3346.8	0.172892
3348.9	0.173562
3351.1	0.174214
3353.3	0.174839
3355.4	0.175438
3357.6	0.176016
3359.8	0.176584
3362.0	0.177148
3364.1	0.177707
3366.3	0.178251
3368.5	0.17877
3370.7	0.179255
3372.9	0.179727
3375.1	0.180212
3377.3	0.180764
3379.5	0.181427
3381.7	0.182227
3383.9	0.183153
3386.1	0.184155
3388.3	0.185157
3390.6	0.186076
3392.8	0.186843
3395.0	0.187418
3397.2	0.187797
3399.4	0.188006
3401.7	0.188096
3403.9	0.188131
3406.1	0.188176
3408.4	0.188304
3410.6	0.188581
3412.9	0.189062
3415.1	0.189782
3417.4	0.19076
3419.6	0.191991
3421.9	0.19346
3424.1	0.195129
3426.4	0.196967
3428.7	0.198925
3430.9	0.200945
3433.2	0.202965
3435.5	0.204921
3437.8	0.206773
3440.0	0.208497
3442.3	0.210103
3444.6	0.211614
3446.9	0.213061
3449.2	0.214458
3451.5	0.215808
3453.8	0.217096
3456.1	0.218302
3458.4	0.219415
3460.7	0.220426
3463.0	0.221349
3465.3	0.222195
3467.7	0.222983
3470.0	0.223734
3472.3	0.224482
3474.6	0.225254
3477.0	0.226083
3479.3	0.226976
3481.6	0.227921
3484.0	0.228871
3486.3	0.229768
3488.7	0.230552
3491.0	0.231187
3493.4	0.231684
3495.7	0.232101
3498.1	0.232534
3500.4	0.233117
3502.8	0.233979
3505.2	0.235222
3507.5	0.236889
3509.9	0.238945
3512.3	0.241299
3514.7	0.243814
3517.1	0.246338
3519.5	0.248751
3521.8	0.250975
3524.2	0.252983
3526.6	0.254781
3529.0	0.2564
3531.4	0.257881
3533.8	0.259261
3536.3	0.260571
3538.7	0.261835
3541.1	0.263069
3543.5	0.264279
3545.9	0.265468
3548.4	0.266638
3550.8	0.267794
3553.2	0.268942
3555.7	0.270091
3558.1	0.271244
3560.5	0.272397
3563.0	0.273536
3565.4	0.274649
3567.9	0.275725
3570.4	0.276755
3572.8	0.277749
3575.3	0.278723
3577.7	0.279696
3580.2	0.280681
3582.7	0.281685
3585.2	0.282706
3587.6	0.283729
3590.1	0.284747
3592.6	0.285756
3595.1	0.286753
3597.6	0.287741
3600.1	0.288719
3602.6	0.289685
3605.1	0.290632
3607.6	0.291553
3610.1	0.292446
3612.7	0.293315
3615.2	0.29417
3617.7	0.295016
3620.2	0.295856
3622.7	0.296702
3625.3	0.297552
3627.8	0.298407
3630.4	0.299262
3632.9	0.30011
3635.5	0.300934
3638.0	0.301725
3640.6	0.302482
3643.1	0.303212
3645.7	0.303932
3648.2	0.304654
3650.8	0.305381
3653.4	0.306113
3656.0	0.30683
3658.5	0.307517
3661.1	0.308166
3663.7	0.308775
3666.3	0.30935
3668.9	0.309897
3671.5	0.310418
3674.1	0.310915
3676.7	0.311384
3679.3	0.31183
3681.9	0.312258
3684.5	0.312682
3687.2	0.313104
3689.8	0.313523
3692.4	0.313935
3695.0	0.31433
3697.7	0.314709
3700.3	0.315074
3703.0	0.315436
3705.6	0.315806
3708.3	0.316192
3710.9	0.31659
3713.6	0.316995
3716.2	0.317411
3718.9	0.317842
3721.6	0.318292
3724.2	0.318768
3726.9	0.31927
3729.6	0.319791
3732.3	0.320324
3735.0	0.320859
3737.7	0.321399
3740.4	0.321953
3743.1	0.322534
3745.8	0.323154
3748.5	0.323817
3751.2	0.324513
3753.9	0.325229
3756.6	0.325944
3759.4	0.32664
3762.1	0.32732
3764.8	0.327988
3767.6	0.328658
3770.3	0.32934
3773.0	0.330034
3775.8	0.330727
3778.5	0.331402
3781.3	0.332039
3784.1	0.332622
3786.8	0.333148
3789.6	0.333617
3792.4	0.334033
3795.1	0.334403
3797.9	0.334727
3800.7	0.335011
3803.5	0.335265
3806.3	0.335485
3809.1	0.335677
3811.9	0.33584
3814.7	0.335973
3817.5	0.336068
3820.3	0.336127
3823.1	0.336153
3825.9	0.336155
3828.8	0.336143
3831.6	0.336125
3834.4	0.336108
3837.3	0.336098
3840.1	0.336094
3843.0	0.336106
3845.8	0.336143
3848.7	0.336219
3851.5	0.336352
3854.4	0.336546
3857.3	0.336797
3860.1	0.337088
3863.0	0.337396
3865.9	0.337699
3868.8	0.337981
3871.7	0.338244
3874.6	0.338495
3877.5	0.338758
3880.4	0.339054
3883.3	0.339388
3886.2	0.33975
3889.1	0.340122
3892.0	0.340468
3894.9	0.340766
3897.9	0.340998
3900.8	0.341173
3903.7	0.341308
3906.7	0.341415
3909.6	0.341507
3912.6	0.341578
3915.5	0.341612
3918.5	0.34159
3921.4	0.341495
3924.4	0.341313
3927.4	0.341038
3930.4	0.340662
3933.3	0.340165
3936.3	0.339535
3939.3	0.33876
3942.3	0.337841
3945.3	0.336797
3948.3	0.335665
3951.3	0.334493
3954.4	0.33333
3957.4	0.332219
3960.4	0.331187
3963.4	0.330251
3966.5	0.329425
3969.5	0.32871
3972.5	0.328115
3975.6	0.327658
3978.6	0.32736
3981.7	0.327237
3984.7	0.327298
3987.8	0.327538
3990.9	0.327928
3994.0	0.328435
3997.0	0.329018
4000.1	0.329648
4003.2	0.330299
4006.3	0.33095
4009.4	0.331592
4012.5	0.33221
4015.6	0.33279
4018.7	0.333328
4021.8	0.333823
4025.0	0.334275
4028.1	0.334687
4031.2	0.335066
4034.4	0.335405
4037.5	0.335703
4040.6	0.335952
4043.8	0.336148
4047.0	0.336295
4050.1	0.336387
4053.3	0.336425
4056.5	0.336402
4059.6	0.336304
4062.8	0.336129
4066.0	0.335866
4069.2	0.335521
4072.4	0.335104
4075.6	0.334633
4078.8	0.334123
4082.0	0.333591
4085.2	0.333044
4088.4	0.33248
4091.7	0.3319
4094.9	0.331291
4098.1	0.330645
4101.4	0.329958
4104.6	0.329219
4107.9	0.328433
4111.1	0.327604
4114.4	0.326747
4117.7	0.325885
4120.9	0.325037
4124.2	0.32422
4127.5	0.323436
4130.8	0.322676
4134.1	0.321932
4137.4	0.321193
4140.7	0.320454
4144.0	0.319713
4147.3	0.318974
4150.6	0.318235
4154.0	0.317489
4157.3	0.316727
4160.6	0.315938
4164.0	0.315117
4167.3	0.314266
4170.7	0.31339
4174.0	0.312497
4177.4	0.31159
4180.8	0.310679
4184.1	0.309767
4187.5	0.308865
4190.9	0.307993
4194.3	0.307171
4197.7	0.306425
4201.1	0.305767
4204.5	0.305196
4207.9	0.304697
4211.3	0.304233
4214.8	0.303771
4218.2	0.303276
4221.6	0.302724
4225.1	0.302106
4228.5	0.301419
4232.0	0.300664
4235.4	0.29983
4238.9	0.298909
4242.4	0.297879
4245.8	0.296733
4249.3	0.295475
4252.8	0.294135
4256.3	0.292759
4259.8	0.291407
4263.3	0.29013
4266.8	0.288972
4270.3	0.287944
4273.8	0.287035
4277.4	0.286206
4280.9	0.285418
4284.4	0.284634
4288.0	0.283828
4291.5	0.283002
4295.1	0.282173
4298.6	0.281358
4302.2	0.280577
4305.8	0.279836
4309.4	0.279123
4312.9	0.278408
4316.5	0.277652
4320.1	0.276821
4323.7	0.275888
4327.3	0.274841
4331.0	0.273679
4334.6	0.272416
4338.2	0.271071
4341.8	0.269653
4345.5	0.268173
4349.1	0.266638
4352.8	0.265047
4356.4	0.263403
4360.1	0.261712
4363.8	0.259979
4367.4	0.258203
4371.1	0.256391
4374.8	0.254541
4378.5	0.252659
4382.2	0.25075
4385.9	0.248832
4389.6	0.246928
4393.4	0.245064
4397.1	0.243267
4400.8	0.241554
4404.5	0.23993
4408.3	0.238386
4412.0	0.236899
4415.8	0.235454
4419.6	0.23404
4423.3	0.232655
4427.1	0.231305
4430.9	0.229988
4434.7	0.228695
4438.5	0.227405
4442.3	0.226083
4446.1	0.22471
4449.9	0.223282
4453.7	0.221828
4457.6	0.220402
4461.4	0.219071
4465.2	0.217892
4469.1	0.216895
4473.0	0.216075
4476.8	0.215408
4480.7	0.214849
4484.6	0.21437
4488.4	0.21397
4492.3	0.213665
4496.2	0.213489
4500.1	0.213473
4504.0	0.213627
4508.0	0.213932
4511.9	0.214335
4515.8	0.214775
4519.7	0.215195
4523.7	0.215545
4527.6	0.215798
4531.6	0.215948
4535.6	0.215993
4539.5	0.215936
4543.5	0.215777
4547.5	0.215512
4551.5	0.215131
4555.5	0.214626
4559.5	0.213999
4563.5	0.213246
4567.5	0.212388
4571.6	0.211443
4575.6	0.210432
4579.6	0.209383
4583.7	0.208306
4587.7	0.207202
4591.8	0.206068
4595.9	0.204884
4600.0	0.203638
4604.0	0.202328
4608.1	0.200955
4612.2	0.199532
4616.3	0.198066
4620.5	0.196559
4624.6	0.195011
4628.7	0.193417
4632.8	0.191778
4637.0	0.190106
4641.1	0.188418
4645.3	0.186729
4649.5	0.185057
4653.6	0.183407
4657.8	0.181785
4662.0	0.180203
4666.2	0.178694
4670.4	0.177306
4674.6	0.176106
4678.8	0.175158
4683.1	0.174505
4687.3	0.174161
4691.5	0.174093
4695.8	0.174223
4700.0	0.174453
4704.3	0.174678
4708.6	0.174815
4712.9	0.174813
4717.2	0.174652
4721.5	0.174339
4725.8	0.173906
4730.1	0.173378
4734.4	0.172778
4738.7	0.172118
4743.1	0.171398
4747.4	0.170612
4751.7	0.169754
4756.1	0.168835
4760.5	0.167874
4764.8	0.166905
4769.2	0.16597
4773.6	0.165101
4778.0	0.164315
4782.4	0.163611
4786.8	0.16297
4791.3	0.162363
4795.7	0.161764
4800.1	0.161153
4804.6	0.160518
4809.0	0.159851
4813.5	0.159143
4818.0	0.158382
4822.5	0.157556
4827.0	0.156663
4831.5	0.155706
4836.0	0.154695
4840.5	0.153637
4845.0	0.152531
4849.5	0.15137
4854.1	0.150136
4858.6	0.148813
4863.2	0.147382
4867.8	0.145838
4872.3	0.144171
4876.9	0.142376
4881.5	0.140458
4886.1	0.138428
4890.7	0.136316
4895.3	0.134168
4900.0	0.132044
4904.6	0.130017
4909.2	0.128153
4913.9	0.126502
4918.6	0.125096
4923.2	0.123926
4927.9	0.122952
4932.6	0.122112
4937.3	0.121323
4942.0	0.120511
4946.7	0.119616
4951.4	0.118607
4956.2	0.117487
4960.9	0.116279
4965.7	0.115029
4970.4	0.113792
4975.2	0.11262
4980.0	0.111547
4984.8	0.110598
4989.6	0.109755
4994.4	0.108994
4999.2	0.108282
5004.0	0.10759
5008.8	0.106913
5013.7	0.106255
5018.5	0.105634
5023.4	0.105075
5028.3	0.104578
5033.2	0.10413
5038.0	0.103711
5043.0	0.103292
5047.9	0.102856
5052.8	0.102385
5057.7	0.101883
5062.7	0.101362
5067.6	0.100836
5072.6	0.100322
5077.5	0.099832
5082.5	0.099368
5087.5	0.098918
5092.5	0.098461
5097.5	0.097983
5102.5	0.097464
5107.5	0.0969
5112.6	0.096282
5117.6	0.09561
5122.7	0.09488
5127.7	0.094106
5132.8	0.093308
5137.9	0.092519
5143.0	0.09178
5148.1	0.091124
5153.2	0.090558
5158.4	0.09008
5163.5	0.089651
5168.6	0.089237
5173.8	0.088787
5179.0	0.088268
5184.2	0.087648
5189.3	0.086919
5194.5	0.086083
5199.8	0.085164
5205.0	0.084195
5210.2	0.083203
5215.4	0.082213
5220.7	0.081233
5226.0	0.080255
5231.2	0.079267
5236.5	0.07827
5241.8	0.077275
5247.1	0.0763
5252.4	0.075362
5257.8	0.074471
5263.1	0.073628
5268.4	0.072818
5273.8	0.072035
5279.2	0.071279
5284.6	0.070573
5290.0	0.069948
5295.4	0.06943
5300.8	0.069022
5306.2	0.068707
5311.6	0.068435
5317.1	0.068141
5322.5	0.067767
5328.0	0.067279
5333.5	0.066694
5339.0	0.066074
5344.5	0.065496
5350.0	0.065041
5355.5	0.064764
5361.1	0.064674
5366.6	0.064734
5372.2	0.06488
5377.8	0.065058
5383.3	0.065207
5388.9	0.065283
5394.5	0.065269
5400.2	0.065181
5405.8	0.065058
5411.4	0.064949
5417.1	0.064899
5422.8	0.064937
5428.4	0.06503
5434.1	0.065091
5439.8	0.065025
5445.5	0.064764
5451.3	0.064295
5457.0	0.063663
5462.8	0.062967
5468.5	0.062311
5474.3	0.061752
5480.1	0.06129
5485.9	0.060876
5491.7	0.060442
5497.5	0.059929
5503.3	0.059308
5509.2	0.058593
5515.1	0.057821
5520.9	0.057035
5526.8	0.05626
5532.7	0.055512
5538.6	0.054778
5544.5	0.054041
5550.5	0.053303
5556.4	0.052583
5562.4	0.051927
5568.4	0.051391
5574.4	0.051031
5580.4	0.050868
5586.4	0.05088
5592.4	0.050996
5598.4	0.051131
5604.5	0.051197
5610.6	0.05114
5616.6	0.050953
5622.7	0.050681
5628.8	0.050406
5634.9	0.050217
5641.1	0.050179
5647.2	0.050321
5653.4	0.050619
5659.6	0.051005
5665.7	0.051396
5671.9	0.051713
5678.2	0.051898
5684.4	0.051924
5690.6	0.051801
5696.9	0.051567
5703.1	0.051278
5709.4	0.050979
5715.7	0.050702
5722.0	0.050435
5728.3	0.050136
5734.7	0.049746
5741.0	0.049229
5747.4	0.048616
5753.8	0.047988
5760.2	0.047453
5766.6	0.04711
5773.0	0.046982
5779.4	0.046989
5785.9	0.04697
5792.3	0.046769
5798.8	0.046297
5805.3	0.045578
5811.8	0.04473
5818.4	0.043925
5824.9	0.043292
5831.4	0.042852
5838.0	0.042504
5844.6	0.04208
5851.2	0.041429
5857.8	0.040486
5864.4	0.039309
5871.1	0.038056
5877.7	0.036924
5884.4	0.036058
5891.1	0.035484
5897.8	0.035108
5904.5	0.034772
5911.2	0.034317
5918.0	0.03368
5924.7	0.032889
5931.5	0.032051
5938.3	0.031302
5945.1	0.03071
5952.0	0.03027
5958.8	0.029907
5965.7	0.029552
5972.5	0.029166
5979.4	0.028757
5986.3	0.028368
5993.2	0.028046
6000.2	0.027788
6007.1	0.027535
6014.1	0.027208
6021.1	0.026748
6028.1	0.026154
6035.1	0.025481
6042.1	0.02484
6049.2	0.024347
6056.3	0.024077
6063.3	0.02402
6070.4	0.024101
6077.6	0.024222
6084.7	0.024288
6091.8	0.024262
6099.0	0.024165
6106.2	0.024079
6113.4	0.024084
6120.6	0.024222
6127.8	0.024484
6135.1	0.024823
6142.4	0.025166
6149.6	0.025451
6157.0	0.025661
6164.3	0.025827
6171.6	0.026002
6179.0	0.026251
6186.3	0.026623
6193.7	0.02712
6201.1	0.02771
6208.6	0.028333
6216.0	0.028927
6223.5	0.029453
6231.0	0.029905
6238.5	0.030298
6246.0	0.03067
6253.5	0.031044
6261.1	0.031442
6268.6	0.031859
6276.2	0.032292
6283.8	0.03273
6291.4	0.033157
6299.1	0.033545
6306.8	0.033855
6314.4	0.034054
6322.1	0.034139
6329.9	0.034149
6337.6	0.034158
6345.4	0.034253
6353.1	0.034483
6360.9	0.034819
6368.7	0.035151
6376.6	0.035342
6384.4	0.035302
6392.3	0.035027
6400.2	0.034632
6408.1	0.03431
6416.0	0.034241
6424.0	0.034499
6432.0	0.035008
6439.9	0.03557
6448.0	0.035946
6456.0	0.035958
6464.0	0.035565
6472.1	0.034876
6480.2	0.034109
6488.3	0.033481
6496.4	0.033138
6504.6	0.033093
6512.8	0.033237
6520.9	0.033405
6529.2	0.033448
6537.4	0.033282
6545.6	0.032941
6553.9	0.032534
6562.2	0.032195
6570.5	0.032017
6578.9	0.032008
6587.2	0.032089
6595.6	0.032136
6604.0	0.032051
6612.4	0.031816
6620.9	0.031494
6629.4	0.031189
6637.8	0.030999
6646.4	0.030966
6654.9	0.031047
6663.4	0.031151
6672.0	0.031196
6680.6	0.031153
6689.2	0.031044
6697.9	0.030923
6706.5	0.030843
6715.2	0.030826
6723.9	0.030841
6732.7	0.030817
6741.4	0.030691
6750.2	0.030426
6759.0	0.030035
6767.8	0.029574
6776.7	0.029121
6785.5	0.028752
6794.4	0.028501
6803.4	0.028349
6812.3	0.028236
6821.3	0.028093
6830.2	0.027885
6839.3	0.027615
6848.3	0.027324
6857.3	0.027085
6866.4	0.02695
6875.5	0.026938
6884.7	0.027009
6893.8	0.027106
6903.0	0.02716
6912.2	0.02712
6921.4	0.026966
6930.7	0.026715
6940.0	0.026419
6949.3	0.02613
6958.6	0.025893
6967.9	0.025732
6977.3	0.02564
6986.7	0.025571
6996.2	0.025477
7005.6	0.025323
7015.1	0.025114
7024.6	0.024877
7034.1	0.024671
7043.7	0.024551
7053.3	0.024534
7062.9	0.0246
7072.5	0.024693
7082.2	0.024757
7091.9	0.024747
7101.6	0.024653
7111.3	0.02448
7121.1	0.024264
7130.9	0.024032
7140.7	0.023805
7150.6	0.023587
7160.4	0.023381
7170.3	0.023198
7180.3	0.023047
7190.2	0.022929
7200.2	0.022846
7210.2	0.022789
7220.3	0.022734
7230.3	0.022656
7240.4	0.022538
7250.6	0.022379
7260.7	0.022187
7270.9	0.021981
7281.1	0.02177
7291.4	0.021572
7301.6	0.02138
7311.9	0.021195
7322.3	0.021022
7332.6	0.020871
7343.0	0.020743
7353.4	0.020641
7363.9	0.020556
7374.3	0.020475
7384.8	0.020376
7395.4	0.020248
7405.9	0.020087
7416.5	0.0199
7427.2	0.019696
7437.8	0.019499
7448.5	0.019331
7459.2	0.019203
7470.0	0.019121
7480.7	0.019073
7491.6	0.019052
7502.4	0.019033
7513.3	0.019
7524.2	0.018943
7535.1	0.018867
7546.1	0.018775
7557.1	0.01868
7568.1	0.018597
7579.2	0.018533
7590.3	0.018483
7601.4	0.01845
7612.6	0.018431
7623.8	0.018422
7635.0	0.018431
7646.2	0.018469
7657.5	0.018538
7668.9	0.01864
7680.2	0.018768
7691.6	0.0189
7703.1	0.019028
7714.5	0.019144
7726.0	0.019251
7737.5	0.019362
7749.1	0.019492
7760.7	0.019653
7772.3	0.019845
7784.0	0.020063
7795.7	0.0203
7807.5	0.020553
7819.2	0.020833
7831.0	0.021164
7842.9	0.021567
7854.8	0.022066
7866.7	0.022682
7878.6	0.023431
7890.6	0.024314
7902.7	0.02533
7914.7	0.026476
7926.8	0.027741
7939.0	0.029114
7951.2	0.030582
7963.4	0.032131
7975.6	0.033756
7987.9	0.035458
8000.2	0.037251
8012.6	0.039167
8025.0	0.041241
8037.4	0.043505
8049.9	0.045985
8062.4	0.048682
8075.0	0.05159
8087.6	0.054681
8100.2	0.05792
8112.9	0.061267
8125.6	0.06466
8138.4	0.068037
8151.2	0.071317
8164.0	0.074417
8176.9	0.077264
8189.8	0.079802
8202.8	0.082012
8215.8	0.083904
8228.8	0.085514
8241.9	0.086895
8255.0	0.088088
8268.2	0.089128
8281.4	0.090026
8294.6	0.090776
8307.9	0.091375
8321.3	0.091818
8334.7	0.092119
8348.1	0.092285
8361.5	0.092323
8375.0	0.092237
8388.6	0.092022
8402.2	0.091681
8415.8	0.091229
8429.5	0.0907
8443.2	0.090139
8457.0	0.089592
8470.8	0.089109
8484.7	0.088706
8498.6	0.088354
8512.6	0.087963
8526.6	0.087376
8540.6	0.086424
8554.7	0.084972
8568.8	0.083025
8583.0	0.080776
8597.3	0.07859
8611.6	0.076908
8625.9	0.076108
8640.3	0.076359
8654.7	0.077567
8669.2	0.0794
8683.7	0.081429
8698.2	0.083269
8712.9	0.084678
8727.5	0.085588
8742.2	0.086071
8757.0	0.08626
8771.8	0.086272
8786.7	0.086184
8801.6	0.086028
8816.6	0.085803
8831.6	0.085491
8846.7	0.085067
8861.8	0.084503
8877.0	0.083788
8892.2	0.082935
8907.5	0.081981
8922.8	0.080998
8938.2	0.080072
8953.6	0.079291
8969.1	0.078713
8984.7	0.078372
9000.3	0.078275
9015.9	0.078412
9031.6	0.07876
9047.4	0.079293
9063.2	0.079977
9079.1	0.08079
9095.0	0.081687
9111.0	0.082642
9127.0	0.083636
9143.1	0.084659
9159.3	0.085715
9175.5	0.08681
9191.8	0.087946
9208.1	0.089123
9224.5	0.090324
9240.9	0.09151
9257.4	0.092642
9274.0	0.093668
9290.6	0.094546
9307.3	0.095235
9324.0	0.095714
9340.8	0.095981
9357.7	0.096052
9374.6	0.095955
9391.6	0.09573
9408.6	0.09542
9425.7	0.095063
9442.9	0.094677
9460.1	0.094269
9477.4	0.093822
9494.8	0.093303
9512.2	0.092675
9529.7	0.09192
9547.2	0.091023
9564.9	0.089999
9582.5	0.08887
9600.3	0.087657
9618.1	0.086369
9636.0	0.085003
9653.9	0.083549
9671.9	0.082002
9690.0	0.080375
9708.2	0.078696
9726.4	0.077012
9744.7	0.075386
9763.0	0.073865
9781.4	0.072499
9799.9	0.071315
9818.5	0.070318
9837.1	0.069482
9855.8	0.068762
9874.6	0.068092
9893.4	0.067405
9912.3	0.066652
9931.3	0.065797
9950.4	0.064847
9969.5	0.06381
9988.7	0.062704
10008.0	0.061556
10027.4	0.060381
10046.8	0.059204
10066.3	0.058053
10085.9	0.056957
10105.6	0.055941
10125.3	0.055019
10145.1	0.054181
10165.0	0.053402
10185.0	0.052651
10205.0	0.051896
10225.1	0.051124
10245.4	0.050333
10265.6	0.049549
10286.0	0.048794
10306.5	0.048088
10327.0	0.047441
10347.6	0.046852
10368.3	0.0463
10389.1	0.045769
10409.9	0.045237
10430.9	0.044694
10451.9	0.044142
10473.0	0.043598
10494.2	0.043072
10515.5	0.042591
10536.9	0.04217
10558.4	0.041807
10579.9	0.041492
10601.5	0.041206
10623.3	0.040927
10645.1	0.040628
10667.0	0.040301
10689.0	0.039951
10711.1	0.039593
10733.2	0.039252
10755.5	0.038954
10777.9	0.038715
10800.3	0.038547
10822.9	0.038452
10845.5	0.038419
10868.2	0.038433
10891.1	0.038473
10914.0	0.038518
10937.0	0.038544
10960.2	0.038539
10983.4	0.038506
11006.7	0.038445
11030.1	0.038364
11053.6	0.038265
11077.3	0.038144
11101.0	0.038004
11124.8	0.037846
11148.7	0.037675
11172.7	0.037505
11196.9	0.037343
11221.1	0.037185
11245.5	0.037014
11269.9	0.036808
11294.4	0.036557
11319.1	0.036264
11343.9	0.035953
11368.8	0.035655
11393.7	0.035394
11418.8	0.035191
11444.0	0.035035
11469.4	0.034907
11494.8	0.034788
11520.3	0.03467
11546.0	0.034544
11571.8	0.034414
11597.7	0.034281
11623.7	0.034149
11649.8	0.034004
11676.0	0.033839
11702.4	0.033633
11728.9	0.033374
11755.5	0.03305
11782.2	0.032662
11809.0	0.032224
11836.0	0.031752
11863.1	0.031279
11890.3	0.030819
11917.6	0.030383
11945.0	0.029967
11972.6	0.029562
12000.3	0.029154
12028.2	0.028733
12056.2	0.028292
12084.3	0.027821
12112.5	0.0273
12140.9	0.026703
12169.4	0.026019
12198.0	0.025254
12226.8	0.024473
12255.7	0.023781
12284.7	0.023312
12313.9	0.023201
12343.2	0.023516
12372.7	0.024222
12402.3	0.025176
12432.0	0.026147
12461.9	0.026898
12491.9	0.027253
12522.1	0.027163
12552.4	0.026727
12582.9	0.026161
12613.5	0.025721
12644.3	0.025612
12675.2	0.025922
12706.3	0.026592
12737.5	0.02744
12768.8	0.028226
12800.4	0.028738
12832.1	0.028849
12863.9	0.028553
12895.9	0.027942
12928.1	0.027153
12960.4	0.026327
12992.9	0.025564
13025.5	0.024925
13058.3	0.024428
13091.3	0.024058
13124.4	0.0238
13157.7	0.023625
13191.2	0.023497
13224.9	0.023371
13258.7	0.023225
13292.7	0.023042
13326.9	0.02282
13361.2	0.022561
13395.7	0.022289
13430.4	0.022012
13465.3	0.02174
13500.4	0.02147
13535.6	0.021204
13571.1	0.020937
13606.7	0.020657
13642.5	0.020359
13678.5	0.020051
13714.7	0.01976
13751.1	0.019511
13787.6	0.019334
13824.4	0.019232
13861.4	0.019163
13898.5	0.019064
13935.9	0.018855
13973.4	0.018467
14011.2	0.017842
14049.2	0.01697
14087.4	0.015902
14125.8	0.014735
14164.3	0.013591
14203.2	0.012606
14242.2	0.011886
14281.4	0.011493
14320.9	0.011391
14360.5	0.011502
14400.4	0.011753
14440.5	0.012059
14480.9	0.012303
14521.4	0.01235
14562.2	0.012073
14603.3	0.011398
14644.5	0.010351
14686.0	0.009162
14727.7	0.008206
14769.7	0.007779
14811.9	0.007914
14854.3	0.008362
14897.0	0.008625
14939.9	0.008175
14983.1	0.006787
