2.8e-07 -0
2.8141e-07 -0
2.8283e-07 -0
2.8425e-07 -0
2.8568e-07 -0
2.8712e-07 -0
2.8856e-07 -0
2.9002e-07 -0
2.9148e-07 -0
2.9294e-07 -0
2.9442e-07 -0
2.959e-07 -0
2.9739e-07 -0
2.9889e-07 -0
3.0039e-07 -0
3.019e-07 -0
3.0342e-07 -0
3.0495e-07 -0
3.0649e-07 -0
3.0803e-07 -0
3.0958e-07 -0
3.1114e-07 -0
3.127e-07 -0
3.1428e-07 -0
3.1586e-07 -0
3.1745e-07 -0
3.1905e-07 -0
3.2065e-07 -0
3.2227e-07 -0
3.2389e-07 -0
3.2552e-07 -0
3.2716e-07 -0
3.2881e-07 -0
3.3046e-07 -0
3.3213e-07 -0
3.338e-07 -0
3.3548e-07 -0
3.3717e-07 -0
3.3886e-07 -0
3.4057e-07 -0
3.4228e-07 -0
3.4401e-07 -0
3.4574e-07 -0
3.4748e-07 -0
3.4923e-07 -0
3.5099e-07 -0
3.5275e-07 -0
3.5453e-07 -0
3.5631e-07 -0
3.5811e-07 -0
3.5991e-07 -0
3.6172e-07 -0
3.6354e-07 -0
3.6537e-07 -0
3.6721e-07 -0
3.6906e-07 -0
3.7092e-07 -0
3.7278e-07 -0
3.7466e-07 -0
3.7655e-07 -0
3.7844e-07 -0
3.8035e-07 -0
3.8226e-07 -0
3.8419e-07 -0
3.8612e-07 -0
3.8806e-07 -0
3.9002e-07 -0
3.9198e-07 -0
3.9395e-07 -0
3.9594e-07 -0
3.9793e-07 -0
3.9993e-07 -0
4.0195e-07 -0
4.0397e-07 -0
4.06e-07 -0
4.0805e-07 -0
4.101e-07 -0
4.1217e-07 -0
4.1424e-07 -0
4.1633e-07 -0
4.1842e-07 -0
4.2053e-07 -0
4.2264e-07 -0
4.2477e-07 -0
4.2691e-07 -0
4.2906e-07 -0
4.3122e-07 -0
4.3339e-07 -0
4.3557e-07 -0
4.3776e-07 -0
4.3997e-07 -0
4.4218e-07 -0
4.4441e-07 -0
4.4664e-07 -0
4.4889e-07 -0
4.5115e-07 -0
4.5342e-07 -0
4.5571e-07 -0
4.58e-07 -0
4.6031e-07 -0
4.6262e-07 -0
4.6495e-07 -0
4.6729e-07 -0
4.6964e-07 -0
4.7201e-07 -0
4.7438e-07 -0
4.7677e-07 -0
4.7917e-07 -0
4.8158e-07 -0
4.8401e-07 -0
4.8645e-07 -0
4.8889e-07 -0
4.9136e-07 -0
4.9383e-07 6.478e-41
4.9631e-07 1.3928e-39
4.9881e-07 7.5897e-37
5.0132e-07 3.5412e-35
5.0385e-07 3.1193e-35
5.0638e-07 1.033e-35
5.0893e-07 2.3009e-39
5.1149e-07 1.084e-38
5.1407e-07 1.3263e-35
5.1666e-07 2.9486e-35
5.1926e-07 1.7496e-35
5.2187e-07 2.7735e-35
5.245e-07 2.4545e-35
5.2714e-07 2.754e-36
5.2979e-07 6.3674e-36
5.3246e-07 2.1152e-35
5.3514e-07 2.0768e-35
5.3783e-07 1.6194e-35
5.4054e-07 4.3872e-35
5.4326e-07 6.5841e-35
5.46e-07 4.9316e-35
5.4875e-07 6.6045e-35
5.5151e-07 5.181e-35
5.5428e-07 3.3993e-35
5.5707e-07 3.3135e-35
5.5988e-07 2.1372e-35
5.627e-07 4.5325e-35
5.6553e-07 5.3774e-35
5.6838e-07 2.6966e-35
5.7124e-07 1.3337e-37
5.7411e-07 6.4651e-36
5.77e-07 2.9598e-35
5.7991e-07 1.147e-34
5.8283e-07 2.2509e-34
5.8576e-07 2.5355e-34
5.8871e-07 1.1893e-34
5.9167e-07 4.237e-35
5.9465e-07 5.1638e-35
5.9764e-07 7.1958e-35
6.0065e-07 5.1884e-35
6.0368e-07 2.1252e-34
6.0671e-07 3.9635e-34
6.0977e-07 3.8554e-34
6.1284e-07 2.328e-34
6.1592e-07 8.5435e-35
6.1902e-07 3.4949e-35
6.2214e-07 4.786e-35
6.2527e-07 2.281e-34
6.2842e-07 4.3497e-34
6.3158e-07 2.9169e-34
6.3476e-07 8.1688e-35
6.3796e-07 3.4972e-35
6.4117e-07 7.0017e-35
6.444e-07 1.1203e-34
6.4764e-07 3.892e-34
6.509e-07 1.1016e-33
6.5418e-07 2.6561e-33
6.5747e-07 3.6287e-33
6.6078e-07 2.7157e-33
6.6411e-07 1.1777e-33
6.6745e-07 3.0479e-34
6.7081e-07 1.0588e-34
6.7419e-07 3.5848e-35
6.7758e-07 9.7272e-36
6.8099e-07 4.5417e-35
6.8442e-07 7.3325e-35
6.8786e-07 1.5826e-35
6.9133e-07 2.6616e-35
6.9481e-07 1.1759e-34
6.983e-07 7.7306e-35
7.0182e-07 2.7793e-35
7.0535e-07 1.0031e-33
7.089e-07 4.2208e-33
7.1247e-07 1.2133e-32
7.1606e-07 2.0354e-32
7.1966e-07 1.6776e-32
7.2328e-07 6.4889e-33
7.2693e-07 1.502e-33
7.3058e-07 7.6354e-34
7.3426e-07 3.3963e-34
7.3796e-07 1.2427e-34
7.4167e-07 6.0464e-35
7.4541e-07 6.0598e-36
7.4916e-07 1.0678e-38
7.5293e-07 1.7271e-35
7.5672e-07 7.6729e-35
7.6053e-07 8.3983e-35
7.6436e-07 2.8004e-35
7.6821e-07 4.0598e-35
7.7207e-07 1.0224e-34
7.7596e-07 1.0462e-32
7.7986e-07 5.9942e-32
7.8379e-07 1.1566e-31
7.8774e-07 1.0461e-31
7.917e-07 5.7891e-32
7.9569e-07 1.7329e-32
7.9969e-07 3.5945e-33
8.0372e-07 1.8218e-33
8.0776e-07 1.2414e-33
8.1183e-07 5.5328e-34
8.1592e-07 4.9681e-34
8.2002e-07 1.0127e-33
8.2415e-07 1.2777e-33
8.283e-07 2.8592e-33
8.3247e-07 2.6661e-33
8.3666e-07 1.6653e-33
8.4087e-07 9.1545e-34
8.451e-07 4.082e-34
8.4936e-07 1.0291e-34
8.5363e-07 1.2885e-34
8.5793e-07 8.3023e-35
8.6225e-07 4.0072e-32
8.6659e-07 2.3117e-31
8.7095e-07 3.5748e-31
8.7534e-07 2.0862e-31
8.7974e-07 4.0605e-32
8.8417e-07 4.5206e-33
8.8862e-07 2.6305e-33
8.931e-07 6.5263e-33
8.9759e-07 7.5335e-33
9.0211e-07 4.8359e-33
9.0665e-07 1.2048e-32
9.1121e-07 1.7532e-32
9.158e-07 4.5731e-32
9.2041e-07 1.4013e-31
9.2505e-07 1.5591e-31
9.297e-07 1.2314e-31
9.3438e-07 1.3885e-31
9.3909e-07 4.8856e-32
9.4381e-07 1.5511e-32
9.4856e-07 1.1901e-32
9.5334e-07 6.917e-33
9.5814e-07 1.7897e-33
9.6296e-07 2.2326e-33
9.6781e-07 2.0078e-33
9.7268e-07 3.1615e-33
9.7758e-07 1.047e-32
9.825e-07 1.0321e-32
9.8744e-07 8.0602e-33
9.9241e-07 5.3607e-33
9.9741e-07 4.9779e-33
1.0024e-06 1.8003e-33
1.0075e-06 2.915e-33
1.0125e-06 5.8997e-33
1.0176e-06 4.4116e-33
1.0228e-06 1.2344e-33
1.0279e-06 8.7143e-32
1.0331e-06 7.109e-31
1.0383e-06 1.3531e-30
1.0435e-06 1.9347e-30
1.0488e-06 3.2882e-30
1.054e-06 3.1409e-30
1.0594e-06 1.6293e-30
1.0647e-06 9.2749e-31
1.07e-06 6.3453e-31
1.0754e-06 2.4485e-31
1.0808e-06 1.0319e-31
1.0863e-06 5.0751e-32
1.0918e-06 6.1743e-32
1.0973e-06 5.7061e-32
1.1028e-06 3.5203e-32
1.1083e-06 1.4285e-31
1.1139e-06 4.2069e-31
1.1195e-06 4.6371e-31
1.1251e-06 6.3314e-31
1.1308e-06 9.0473e-31
1.1365e-06 5.713e-31
1.1422e-06 1.6691e-31
1.148e-06 1.6367e-31
1.1538e-06 1.8149e-31
1.1596e-06 9.3935e-32
1.1654e-06 2.2613e-32
1.1713e-06 1.0788e-32
1.1772e-06 1.3017e-32
1.1831e-06 1.8575e-32
1.189e-06 2.832e-32
1.195e-06 1.564e-29
1.201e-06 7.1136e-29
1.2071e-06 1.0962e-28
1.2132e-06 9.9692e-29
1.2193e-06 7.2962e-29
1.2254e-06 5.8288e-29
1.2316e-06 2.2441e-29
1.2378e-06 5.6628e-30
1.244e-06 1.5267e-30
1.2503e-06 7.2066e-31
1.2566e-06 6.974e-31
1.2629e-06 5.7499e-31
1.2692e-06 3.6835e-31
1.2756e-06 1.7354e-31
1.2821e-06 2.2309e-30
1.2885e-06 5.7955e-30
1.295e-06 6.7669e-30
1.3015e-06 3.8365e-30
1.3081e-06 1.0426e-29
1.3147e-06 2.8267e-29
1.3213e-06 2.5032e-29
1.3279e-06 1.3218e-29
1.3346e-06 1.0603e-29
1.3413e-06 1.8309e-29
1.3481e-06 1.8016e-29
1.3549e-06 1.737e-29
1.3617e-06 3.6546e-30
1.3685e-06 2.1821e-30
1.3754e-06 1.6237e-30
1.3824e-06 1.0211e-30
1.3893e-06 2.633e-31
1.3963e-06 2.1951e-31
1.4033e-06 3.0893e-31
1.4104e-06 6.5039e-31
1.4175e-06 2.4795e-29
1.4246e-06 4.0498e-28
1.4318e-06 9.6892e-28
1.439e-06 1.2145e-27
1.4463e-06 5.8671e-28
1.4535e-06 1.4862e-28
1.4609e-06 3.0938e-29
1.4682e-06 3.0684e-29
1.4756e-06 4.3452e-29
1.483e-06 2.9741e-29
1.4905e-06 1.961e-29
1.498e-06 1.4342e-29
1.5055e-06 5.3709e-30
1.5131e-06 3.7004e-30
1.5207e-06 2.1678e-29
1.5284e-06 7.0803e-29
1.5361e-06 9.0814e-29
1.5438e-06 6.5588e-29
1.5516e-06 1.6747e-29
1.5594e-06 1.0731e-28
1.5672e-06 3.5843e-28
1.5751e-06 5.5167e-28
1.5831e-06 4.1443e-28
1.591e-06 2.0977e-28
1.599e-06 4.0155e-28
1.6071e-06 5.7702e-28
1.6152e-06 3.7171e-28
1.6233e-06 9.4156e-29
1.6315e-06 3.637e-29
1.6397e-06 6.0161e-29
1.6479e-06 6.4416e-29
1.6562e-06 4.343e-29
1.6646e-06 1.8097e-29
1.673e-06 6.289e-30
1.6814e-06 2.3977e-30
1.6898e-06 7.044e-31
1.6983e-06 3.0303e-31
1.7069e-06 2.0651e-31
1.7155e-06 1.7032e-31
1.7241e-06 9.5228e-32
1.7328e-06 4.4877e-32
1.7415e-06 3.2106e-31
1.7503e-06 1.6134e-30
1.7591e-06 2.588e-30
1.768e-06 2.1171e-30
1.7769e-06 1.7394e-30
1.7858e-06 2.3503e-30
1.7948e-06 3.0875e-30
1.8038e-06 2.4278e-30
1.8129e-06 9.9387e-31
1.822e-06 3.6886e-31
1.8312e-06 2.3533e-31
1.8404e-06 1.6734e-31
1.8497e-06 2.582e-31
1.859e-06 4.3759e-31
1.8684e-06 1.4926e-28
1.8778e-06 2.4671e-28
1.8872e-06 1.7803e-28
1.8967e-06 8.3423e-29
1.9063e-06 5.3342e-29
1.9159e-06 1.6796e-29
1.9255e-06 2.6411e-28
1.9352e-06 1.9757e-27
1.9449e-06 5.2481e-27
1.9547e-06 6.5574e-27
1.9646e-06 4.6069e-27
1.9745e-06 2.2607e-27
1.9844e-06 1.5116e-27
1.9944e-06 4.2427e-27
2.0044e-06 1.0416e-26
2.0145e-06 1.1051e-26
2.0247e-06 5.5123e-27
2.0348e-06 2.3422e-27
2.0451e-06 2.4646e-27
2.0554e-06 3.9782e-27
2.0657e-06 4.0341e-27
2.0761e-06 2.8572e-27
2.0866e-06 1.4656e-27
2.0971e-06 6.7212e-28
2.1076e-06 1.8769e-28
2.1182e-06 8.4299e-29
2.1289e-06 3.075e-29
2.1396e-06 8.6589e-30
2.1504e-06 4.2829e-30
2.1612e-06 5.7201e-30
2.1721e-06 6.802e-30
2.183e-06 5.0142e-30
2.194e-06 3.0486e-30
2.2051e-06 1.4605e-30
2.2162e-06 3.2619e-31
2.2273e-06 1.2891e-31
2.2385e-06 3.2121e-31
2.2498e-06 5.0957e-31
2.2611e-06 5.1751e-31
2.2725e-06 3.8453e-31
2.284e-06 2.4703e-31
2.2955e-06 1.2146e-31
2.307e-06 4.4667e-32
2.3186e-06 2.7122e-32
2.3303e-06 9.8118e-33
2.342e-06 5.1224e-33
2.3538e-06 2.8279e-33
2.3657e-06 1.2106e-33
2.3776e-06 1.2343e-33
2.3895e-06 2.3665e-33
2.4016e-06 2.3475e-33
2.4137e-06 1.423e-33
2.4258e-06 1.6225e-33
2.438e-06 2.5096e-33
2.4503e-06 8.3554e-32
2.4626e-06 7.1891e-31
2.475e-06 4.6221e-30
2.4875e-06 1.6642e-29
2.5e-06 1.8693e-29
