2.8e-07 -0
2.8141e-07 -0
2.8283e-07 -0
2.8425e-07 -0
2.8568e-07 -0
2.8712e-07 -0
2.8856e-07 -0
2.9002e-07 -0
2.9148e-07 -0
2.9294e-07 -0
2.9442e-07 -0
2.959e-07 -0
2.9739e-07 -0
2.9889e-07 -0
3.0039e-07 -0
3.019e-07 -0
3.0342e-07 -0
3.0495e-07 -0
3.0649e-07 -0
3.0803e-07 -0
3.0958e-07 -0
3.1114e-07 -0
3.127e-07 -0
3.1428e-07 -0
3.1586e-07 -0
3.1745e-07 -0
3.1905e-07 -0
3.2065e-07 -0
3.2227e-07 -0
3.2389e-07 -0
3.2552e-07 -0
3.2716e-07 -0
3.2881e-07 -0
3.3046e-07 -0
3.3213e-07 -0
3.338e-07 -0
3.3548e-07 -0
3.3717e-07 -0
3.3886e-07 -0
3.4057e-07 -0
3.4228e-07 -0
3.4401e-07 -0
3.4574e-07 -0
3.4748e-07 -0
3.4923e-07 -0
3.5099e-07 -0
3.5275e-07 -0
3.5453e-07 -0
3.5631e-07 -0
3.5811e-07 -0
3.5991e-07 -0
3.6172e-07 -0
3.6354e-07 -0
3.6537e-07 -0
3.6721e-07 -0
3.6906e-07 -0
3.7092e-07 -0
3.7278e-07 -0
3.7466e-07 -0
3.7655e-07 -0
3.7844e-07 -0
3.8035e-07 -0
3.8226e-07 -0
3.8419e-07 -0
3.8612e-07 -0
3.8806e-07 -0
3.9002e-07 -0
3.9198e-07 -0
3.9395e-07 -0
3.9594e-07 -0
3.9793e-07 -0
3.9993e-07 -0
4.0195e-07 -0
4.0397e-07 -0
4.06e-07 -0
4.0805e-07 -0
4.101e-07 -0
4.1217e-07 -0
4.1424e-07 -0
4.1633e-07 -0
4.1842e-07 -0
4.2053e-07 -0
4.2264e-07 -0
4.2477e-07 -0
4.2691e-07 -0
4.2906e-07 -0
4.3122e-07 -0
4.3339e-07 -0
4.3557e-07 -0
4.3776e-07 -0
4.3997e-07 -0
4.4218e-07 -0
4.4441e-07 -0
4.4664e-07 -0
4.4889e-07 -0
4.5115e-07 -0
4.5342e-07 -0
4.5571e-07 -0
4.58e-07 -0
4.6031e-07 -0
4.6262e-07 -0
4.6495e-07 -0
4.6729e-07 -0
4.6964e-07 -0
4.7201e-07 -0
4.7438e-07 -0
4.7677e-07 -0
4.7917e-07 -0
4.8158e-07 -0
4.8401e-07 -0
4.8645e-07 -0
4.8889e-07 -0
4.9136e-07 -0
4.9383e-07 1.4784e-40
4.9631e-07 2.1822e-39
4.9881e-07 1.1962e-36
5.0132e-07 4.7326e-35
5.0385e-07 4.285e-35
5.0638e-07 1.4378e-35
5.0893e-07 3.698e-39
5.1149e-07 1.7239e-38
5.1407e-07 1.8545e-35
5.1666e-07 4.2141e-35
5.1926e-07 2.2457e-35
5.2187e-07 3.6954e-35
5.245e-07 3.3021e-35
5.2714e-07 3.9574e-36
5.2979e-07 9.3192e-36
5.3246e-07 2.8816e-35
5.3514e-07 2.8671e-35
5.3783e-07 2.241e-35
5.4054e-07 5.934e-35
5.4326e-07 8.9764e-35
5.46e-07 6.9678e-35
5.4875e-07 8.8696e-35
5.5151e-07 6.9521e-35
5.5428e-07 4.4718e-35
5.5707e-07 3.8278e-35
5.5988e-07 3.5438e-35
5.627e-07 5.8667e-35
5.6553e-07 7.1147e-35
5.6838e-07 3.5513e-35
5.7124e-07 2.1286e-37
5.7411e-07 9.3166e-36
5.77e-07 4.1114e-35
5.7991e-07 1.5713e-34
5.8283e-07 2.9689e-34
5.8576e-07 3.3138e-34
5.8871e-07 1.6228e-34
5.9167e-07 5.738e-35
5.9465e-07 7.0524e-35
5.9764e-07 9.837e-35
6.0065e-07 7.6178e-35
6.0368e-07 2.8288e-34
6.0671e-07 5.1989e-34
6.0977e-07 5.1531e-34
6.1284e-07 3.1133e-34
6.1592e-07 1.1418e-34
6.1902e-07 4.7637e-35
6.2214e-07 6.3116e-35
6.2527e-07 2.9219e-34
6.2842e-07 5.6237e-34
6.3158e-07 3.8267e-34
6.3476e-07 1.0579e-34
6.3796e-07 4.5534e-35
6.4117e-07 9.4793e-35
6.444e-07 1.5225e-34
6.4764e-07 5.3774e-34
6.509e-07 1.5338e-33
6.5418e-07 3.627e-33
6.5747e-07 4.9317e-33
6.6078e-07 4.0003e-33
6.6411e-07 1.5823e-33
6.6745e-07 4.0984e-34
6.7081e-07 1.42e-34
6.7419e-07 4.7298e-35
6.7758e-07 1.6047e-35
6.8099e-07 6.0832e-35
6.8442e-07 9.7226e-35
6.8786e-07 2.3105e-35
6.9133e-07 3.7801e-35
6.9481e-07 1.5428e-34
6.983e-07 1.0183e-34
7.0182e-07 6.5605e-35
7.0535e-07 1.7064e-33
7.089e-07 5.82e-33
7.1247e-07 1.6506e-32
7.1606e-07 2.7757e-32
7.1966e-07 2.245e-32
7.2328e-07 8.7222e-33
7.2693e-07 3.7679e-33
7.3058e-07 1.04e-33
7.3426e-07 4.0404e-34
7.3796e-07 1.549e-34
7.4167e-07 8.0568e-35
7.4541e-07 8.3245e-36
7.4916e-07 1.7267e-38
7.5293e-07 2.312e-35
7.5672e-07 1.0613e-34
7.6053e-07 1.2528e-34
7.6436e-07 5.342e-35
7.6821e-07 5.7585e-35
7.7207e-07 1.3816e-34
7.7596e-07 1.4164e-32
7.7986e-07 7.0812e-32
7.8379e-07 1.5873e-31
7.8774e-07 1.4412e-31
7.917e-07 7.9754e-32
7.9569e-07 2.4511e-32
7.9969e-07 4.9691e-33
8.0372e-07 2.4147e-33
8.0776e-07 1.6677e-33
8.1183e-07 7.678e-34
8.1592e-07 6.969e-34
8.2002e-07 1.3489e-33
8.2415e-07 1.7902e-33
8.283e-07 3.9858e-33
8.3247e-07 3.6504e-33
8.3666e-07 2.237e-33
8.4087e-07 1.2459e-33
8.451e-07 5.5322e-34
8.4936e-07 1.4197e-34
8.5363e-07 1.7942e-34
8.5793e-07 1.2664e-34
8.6225e-07 6.0677e-32
8.6659e-07 3.1202e-31
8.7095e-07 4.673e-31
8.7534e-07 2.8454e-31
8.7974e-07 4.4084e-32
8.8417e-07 6.4508e-33
8.8862e-07 3.514e-33
8.931e-07 8.812e-33
8.9759e-07 8.6659e-33
9.0211e-07 7.0927e-33
9.0665e-07 1.679e-32
9.1121e-07 2.5293e-32
9.158e-07 7.0186e-32
9.2041e-07 2.0282e-31
9.2505e-07 2.2486e-31
9.297e-07 1.7802e-31
9.3438e-07 1.5333e-31
9.3909e-07 6.4815e-32
9.4381e-07 2.2462e-32
9.4856e-07 1.7235e-32
9.5334e-07 9.5205e-33
9.5814e-07 2.4438e-33
9.6296e-07 3.0632e-33
9.6781e-07 2.9299e-33
9.7268e-07 4.5764e-33
9.7758e-07 1.4477e-32
9.825e-07 1.4462e-32
9.8744e-07 8.1399e-33
9.9241e-07 7.3395e-33
9.9741e-07 6.8101e-33
1.0024e-06 2.5098e-33
1.0075e-06 4.1671e-33
1.0125e-06 8.5231e-33
1.0176e-06 6.379e-33
1.0228e-06 1.5724e-33
1.0279e-06 1.2071e-31
1.0331e-06 9.7949e-31
1.0383e-06 1.8567e-30
1.0435e-06 2.6462e-30
1.0488e-06 4.4785e-30
1.054e-06 4.5265e-30
1.0594e-06 2.2099e-30
1.0647e-06 1.2209e-30
1.07e-06 9.2654e-31
1.0754e-06 3.7489e-31
1.0808e-06 1.4338e-31
1.0863e-06 5.4699e-32
1.0918e-06 8.6224e-32
1.0973e-06 8.0834e-32
1.1028e-06 3.3679e-32
1.1083e-06 1.7543e-31
1.1139e-06 5.3104e-31
1.1195e-06 6.3008e-31
1.1251e-06 8.824e-31
1.1308e-06 1.2919e-30
1.1365e-06 7.6367e-31
1.1422e-06 2.388e-31
1.148e-06 2.1836e-31
1.1538e-06 2.3124e-31
1.1596e-06 1.1404e-31
1.1654e-06 3.5696e-32
1.1713e-06 1.4381e-32
1.1772e-06 1.885e-32
1.1831e-06 2.7388e-32
1.189e-06 4.4728e-32
1.195e-06 2.0399e-29
1.201e-06 9.4242e-29
1.2071e-06 1.451e-28
1.2132e-06 1.3105e-28
1.2193e-06 1.0021e-28
1.2254e-06 7.8562e-29
1.2316e-06 3.0564e-29
1.2378e-06 7.4587e-30
1.244e-06 2.1231e-30
1.2503e-06 9.8433e-31
1.2566e-06 9.4859e-31
1.2629e-06 7.9824e-31
1.2692e-06 5.0279e-31
1.2756e-06 2.3254e-31
1.2821e-06 3.0299e-30
1.2885e-06 8.0678e-30
1.295e-06 9.4684e-30
1.3015e-06 5.2781e-30
1.3081e-06 1.3949e-29
1.3147e-06 3.8711e-29
1.3213e-06 3.6394e-29
1.3279e-06 1.9222e-29
1.3346e-06 1.4068e-29
1.3413e-06 2.5303e-29
1.3481e-06 2.6113e-29
1.3549e-06 2.6991e-29
1.3617e-06 4.9596e-30
1.3685e-06 1.6866e-30
1.3754e-06 2.6214e-30
1.3824e-06 1.8459e-30
1.3893e-06 2.9302e-31
1.3963e-06 3.3246e-31
1.4033e-06 5.7162e-31
1.4104e-06 1.1002e-30
1.4175e-06 6.1464e-29
1.4246e-06 4.9402e-28
1.4318e-06 1.2043e-27
1.439e-06 1.4489e-27
1.4463e-06 6.6762e-28
1.4535e-06 1.722e-28
1.4609e-06 4.089e-29
1.4682e-06 3.8739e-29
1.4756e-06 5.2801e-29
1.483e-06 3.6309e-29
1.4905e-06 2.6436e-29
1.498e-06 1.8632e-29
1.5055e-06 7.4482e-30
1.5131e-06 4.7029e-30
1.5207e-06 3.0898e-29
1.5284e-06 9.7254e-29
1.5361e-06 1.2571e-28
1.5438e-06 8.9375e-29
1.5516e-06 2.3785e-29
1.5594e-06 1.2818e-28
1.5672e-06 4.6916e-28
1.5751e-06 7.3169e-28
1.5831e-06 5.2959e-28
1.591e-06 2.7813e-28
1.599e-06 5.2538e-28
1.6071e-06 7.4734e-28
1.6152e-06 4.7716e-28
1.6233e-06 1.3013e-28
1.6315e-06 4.9231e-29
1.6397e-06 8.2286e-29
1.6479e-06 9.0946e-29
1.6562e-06 6.0714e-29
1.6646e-06 2.5166e-29
1.673e-06 8.8098e-30
1.6814e-06 3.317e-30
1.6898e-06 9.9426e-31
1.6983e-06 4.2388e-31
1.7069e-06 2.9056e-31
1.7155e-06 2.3237e-31
1.7241e-06 1.3362e-31
1.7328e-06 4.2119e-32
1.7415e-06 4.6325e-31
1.7503e-06 2.2549e-30
1.7591e-06 3.6239e-30
1.768e-06 3.0133e-30
1.7769e-06 2.3092e-30
1.7858e-06 3.1093e-30
1.7948e-06 4.4122e-30
1.8038e-06 3.5949e-30
1.8129e-06 8.6462e-31
1.822e-06 5.3631e-31
1.8312e-06 3.7935e-31
1.8404e-06 1.7196e-31
1.8497e-06 4.199e-31
1.859e-06 8.1753e-31
1.8684e-06 3.361e-28
1.8778e-06 3.3385e-28
1.8872e-06 1.74e-28
1.8967e-06 1.1108e-28
1.9063e-06 4.0609e-29
1.9159e-06 2.1234e-29
1.9255e-06 1.4685e-27
1.9352e-06 3.8832e-27
1.9449e-06 8.3662e-27
1.9547e-06 1.0218e-26
1.9646e-06 5.5171e-27
1.9745e-06 2.8569e-27
1.9844e-06 1.6156e-27
1.9944e-06 4.9171e-27
2.0044e-06 1.2568e-26
2.0145e-06 1.3765e-26
2.0247e-06 6.6207e-27
2.0348e-06 2.9341e-27
2.0451e-06 3.1434e-27
2.0554e-06 5.2034e-27
2.0657e-06 5.2053e-27
2.0761e-06 3.5893e-27
2.0866e-06 1.8647e-27
2.0971e-06 8.5369e-28
2.1076e-06 2.6217e-28
2.1182e-06 1.112e-28
2.1289e-06 4.215e-29
2.1396e-06 1.2217e-29
2.1504e-06 6.0367e-30
2.1612e-06 8.1302e-30
2.1721e-06 9.712e-30
2.183e-06 7.9877e-30
2.194e-06 4.2887e-30
2.2051e-06 2.073e-30
2.2162e-06 4.5686e-31
2.2273e-06 1.7727e-31
2.2385e-06 4.3676e-31
2.2498e-06 7.1608e-31
2.2611e-06 7.2916e-31
2.2725e-06 5.3684e-31
2.284e-06 3.4845e-31
2.2955e-06 1.6963e-31
2.307e-06 6.1651e-32
2.3186e-06 3.1215e-32
2.3303e-06 1.3393e-32
2.342e-06 7.0939e-33
2.3538e-06 3.9333e-33
2.3657e-06 1.6699e-33
2.3776e-06 1.768e-33
2.3895e-06 3.343e-33
2.4016e-06 3.4181e-33
2.4137e-06 2.254e-33
2.4258e-06 2.5937e-33
2.438e-06 3.965e-33
2.4503e-06 1.0262e-31
2.4626e-06 6.9169e-31
2.475e-06 3.246e-30
2.4875e-06 1.5715e-29
2.5e-06 2.4203e-29
