2.8e-07 -0
2.8141e-07 -0
2.8283e-07 -0
2.8425e-07 -0
2.8568e-07 -0
2.8712e-07 -0
2.8856e-07 -0
2.9002e-07 -0
2.9148e-07 -0
2.9294e-07 -0
2.9442e-07 -0
2.959e-07 -0
2.9739e-07 -0
2.9889e-07 -0
3.0039e-07 -0
3.019e-07 -0
3.0342e-07 -0
3.0495e-07 -0
3.0649e-07 -0
3.0803e-07 -0
3.0958e-07 -0
3.1114e-07 -0
3.127e-07 -0
3.1428e-07 -0
3.1586e-07 -0
3.1745e-07 -0
3.1905e-07 -0
3.2065e-07 -0
3.2227e-07 -0
3.2389e-07 -0
3.2552e-07 -0
3.2716e-07 -0
3.2881e-07 -0
3.3046e-07 -0
3.3213e-07 -0
3.338e-07 -0
3.3548e-07 -0
3.3717e-07 -0
3.3886e-07 -0
3.4057e-07 -0
3.4228e-07 -0
3.4401e-07 -0
3.4574e-07 -0
3.4748e-07 -0
3.4923e-07 -0
3.5099e-07 -0
3.5275e-07 -0
3.5453e-07 -0
3.5631e-07 -0
3.5811e-07 -0
3.5991e-07 -0
3.6172e-07 -0
3.6354e-07 -0
3.6537e-07 -0
3.6721e-07 -0
3.6906e-07 -0
3.7092e-07 -0
3.7278e-07 -0
3.7466e-07 -0
3.7655e-07 -0
3.7844e-07 -0
3.8035e-07 -0
3.8226e-07 -0
3.8419e-07 -0
3.8612e-07 -0
3.8806e-07 -0
3.9002e-07 -0
3.9198e-07 -0
3.9395e-07 -0
3.9594e-07 -0
3.9793e-07 -0
3.9993e-07 -0
4.0195e-07 -0
4.0397e-07 -0
4.06e-07 -0
4.0805e-07 -0
4.101e-07 -0
4.1217e-07 -0
4.1424e-07 -0
4.1633e-07 -0
4.1842e-07 -0
4.2053e-07 -0
4.2264e-07 -0
4.2477e-07 -0
4.2691e-07 -0
4.2906e-07 -0
4.3122e-07 -0
4.3339e-07 -0
4.3557e-07 -0
4.3776e-07 -0
4.3997e-07 -0
4.4218e-07 -0
4.4441e-07 -0
4.4664e-07 -0
4.4889e-07 -0
4.5115e-07 -0
4.5342e-07 -0
4.5571e-07 -0
4.58e-07 -0
4.6031e-07 -0
4.6262e-07 -0
4.6495e-07 -0
4.6729e-07 -0
4.6964e-07 -0
4.7201e-07 -0
4.7438e-07 -0
4.7677e-07 -0
4.7917e-07 -0
4.8158e-07 -0
4.8401e-07 -0
4.8645e-07 -0
4.8889e-07 -0
4.9136e-07 -0
4.9383e-07 1.1348e-40
4.9631e-07 1.5325e-39
4.9881e-07 8.384e-37
5.0132e-07 3.5395e-35
5.0385e-07 3.1689e-35
5.0638e-07 1.0548e-35
5.0893e-07 2.5622e-39
5.1149e-07 1.2028e-38
5.1407e-07 1.3688e-35
5.1666e-07 3.089e-35
5.1926e-07 1.801e-35
5.2187e-07 2.7839e-35
5.245e-07 2.4795e-35
5.2714e-07 2.8833e-36
5.2979e-07 6.7428e-36
5.3246e-07 2.1465e-35
5.3514e-07 2.1244e-35
5.3783e-07 1.6525e-35
5.4054e-07 4.413e-35
5.4326e-07 6.6524e-35
5.46e-07 5.0996e-35
5.4875e-07 6.6385e-35
5.5151e-07 5.2051e-35
5.5428e-07 3.3737e-35
5.5707e-07 3.2766e-35
5.5988e-07 2.1575e-35
5.627e-07 4.4589e-35
5.6553e-07 5.3564e-35
5.6838e-07 2.6762e-35
5.7124e-07 1.4817e-37
5.7411e-07 6.7894e-36
5.77e-07 3.0398e-35
5.7991e-07 1.1656e-34
5.8283e-07 2.2364e-34
5.8576e-07 2.4983e-34
5.8871e-07 1.1958e-34
5.9167e-07 4.2342e-35
5.9465e-07 5.1745e-35
5.9764e-07 7.2251e-35
6.0065e-07 5.4574e-35
6.0368e-07 2.1235e-34
6.0671e-07 3.9275e-34
6.0977e-07 3.8635e-34
6.1284e-07 2.3329e-34
6.1592e-07 8.5559e-35
6.1902e-07 3.5655e-35
6.2214e-07 4.7789e-35
6.2527e-07 2.2507e-34
6.2842e-07 4.3034e-34
6.3158e-07 2.9006e-34
6.3476e-07 7.9981e-35
6.3796e-07 3.4306e-35
6.4117e-07 7.0103e-35
6.444e-07 1.1206e-34
6.4764e-07 3.9252e-34
6.509e-07 1.1139e-33
6.5418e-07 2.6579e-33
6.5747e-07 3.6303e-33
6.6078e-07 2.9719e-33
6.6411e-07 1.177e-33
6.6745e-07 3.0541e-34
6.7081e-07 1.0611e-34
6.7419e-07 3.557e-35
6.7758e-07 1.0093e-35
6.8099e-07 4.5224e-35
6.8442e-07 7.2314e-35
6.8786e-07 1.6402e-35
6.9133e-07 2.747e-35
6.9481e-07 1.1538e-34
6.983e-07 7.6678e-35
7.0182e-07 2.8383e-35
7.0535e-07 1.2231e-33
7.089e-07 4.229e-33
7.1247e-07 1.2129e-32
7.1606e-07 1.9618e-32
7.1966e-07 1.6576e-32
7.2328e-07 6.4544e-33
7.2693e-07 2.7376e-33
7.3058e-07 7.6952e-34
7.3426e-07 3.4349e-34
7.3796e-07 1.2406e-34
7.4167e-07 5.9279e-35
7.4541e-07 6.078e-36
7.4916e-07 1.1927e-38
7.5293e-07 1.727e-35
7.5672e-07 7.8033e-35
7.6053e-07 8.7517e-35
7.6436e-07 2.9764e-35
7.6821e-07 4.1513e-35
7.7207e-07 1.0253e-34
7.7596e-07 1.0478e-32
7.7986e-07 6.1569e-32
7.8379e-07 1.1617e-31
7.8774e-07 1.0501e-31
7.917e-07 5.8057e-32
7.9569e-07 1.6778e-32
7.9969e-07 3.6155e-33
8.0372e-07 1.7659e-33
8.0776e-07 1.3562e-33
8.1183e-07 5.55e-34
8.1592e-07 5.0307e-34
8.2002e-07 9.9733e-34
8.2415e-07 1.299e-33
8.283e-07 2.866e-33
8.3247e-07 2.6572e-33
8.3666e-07 1.6426e-33
8.4087e-07 9.0971e-34
8.451e-07 4.0433e-34
8.4936e-07 1.0318e-34
8.5363e-07 1.2984e-34
8.5793e-07 8.6607e-35
8.6225e-07 4.5227e-32
8.6659e-07 2.3145e-31
8.7095e-07 3.4476e-31
8.7534e-07 2.0966e-31
8.7974e-07 3.169e-32
8.8417e-07 4.7107e-33
8.8862e-07 2.6073e-33
8.931e-07 6.4754e-33
8.9759e-07 6.2669e-33
9.0211e-07 4.8414e-33
9.0665e-07 1.2081e-32
9.1121e-07 1.7745e-32
9.158e-07 4.7538e-32
9.2041e-07 1.4218e-31
9.2505e-07 1.5842e-31
9.297e-07 1.3482e-31
9.3438e-07 1.2182e-31
9.3909e-07 4.8914e-32
9.4381e-07 1.5804e-32
9.4856e-07 1.2087e-32
9.5334e-07 6.82e-33
9.5814e-07 1.7938e-33
9.6296e-07 2.2515e-33
9.6781e-07 2.1199e-33
9.7268e-07 3.2379e-33
9.7758e-07 1.04e-32
9.825e-07 1.0383e-32
9.8744e-07 7.9166e-33
9.9241e-07 5.3219e-33
9.9741e-07 4.9582e-33
1.0024e-06 1.7918e-33
1.0075e-06 2.9363e-33
1.0125e-06 5.9476e-33
1.0176e-06 4.4508e-33
1.0228e-06 1.2675e-33
1.0279e-06 8.8228e-32
1.0331e-06 7.1729e-31
1.0383e-06 1.3622e-30
1.0435e-06 1.9454e-30
1.0488e-06 3.3e-30
1.054e-06 3.3514e-30
1.0594e-06 1.6301e-30
1.0647e-06 9.3123e-31
1.07e-06 6.802e-31
1.0754e-06 2.7281e-31
1.0808e-06 1.0428e-31
1.0863e-06 5.0856e-32
1.0918e-06 6.2777e-32
1.0973e-06 5.8186e-32
1.1028e-06 3.485e-32
1.1083e-06 1.3983e-31
1.1139e-06 4.1455e-31
1.1195e-06 4.6819e-31
1.1251e-06 8.5412e-31
1.1308e-06 9.4175e-31
1.1365e-06 5.5909e-31
1.1422e-06 1.6973e-31
1.148e-06 1.4854e-31
1.1538e-06 2.1179e-31
1.1596e-06 9.8435e-32
1.1654e-06 2.7512e-32
1.1713e-06 1.0754e-32
1.1772e-06 1.3526e-32
1.1831e-06 1.9488e-32
1.189e-06 3.0927e-32
1.195e-06 1.556e-29
1.201e-06 7.1099e-29
1.2071e-06 1.0953e-28
1.2132e-06 9.8897e-29
1.2193e-06 7.3838e-29
1.2254e-06 5.8496e-29
1.2316e-06 2.2614e-29
1.2378e-06 5.4373e-30
1.244e-06 1.5492e-30
1.2503e-06 7.2302e-31
1.2566e-06 6.9729e-31
1.2629e-06 5.8158e-31
1.2692e-06 3.6875e-31
1.2756e-06 1.7197e-31
1.2821e-06 2.2263e-30
1.2885e-06 5.8698e-30
1.295e-06 6.8706e-30
1.3015e-06 3.8839e-30
1.3081e-06 1.0526e-29
1.3147e-06 2.9206e-29
1.3213e-06 2.1704e-29
1.3279e-06 1.1841e-29
1.3346e-06 1.2394e-29
1.3413e-06 1.1171e-29
1.3481e-06 3.1661e-29
1.3549e-06 1.6434e-29
1.3617e-06 4.7873e-30
1.3685e-06 2.8824e-29
1.3754e-06 3.1551e-31
1.3824e-06 8.1168e-31
1.3893e-06 2.4278e-31
1.3963e-06 2.3302e-31
1.4033e-06 3.5253e-31
1.4104e-06 7.0782e-31
1.4175e-06 3.129e-29
1.4246e-06 4.0154e-28
1.4318e-06 9.6466e-28
1.439e-06 1.1937e-27
1.4463e-06 5.6793e-28
1.4535e-06 1.594e-28
1.4609e-06 3.1661e-29
1.4682e-06 3.0624e-29
1.4756e-06 4.0875e-29
1.483e-06 2.9824e-29
1.4905e-06 1.9058e-29
1.498e-06 1.3594e-29
1.5055e-06 5.4877e-30
1.5131e-06 3.4299e-30
1.5207e-06 2.2131e-29
1.5284e-06 7.1255e-29
1.5361e-06 9.207e-29
1.5438e-06 6.606e-29
1.5516e-06 1.7206e-29
1.5594e-06 1.0451e-28
1.5672e-06 3.5973e-28
1.5751e-06 5.5652e-28
1.5831e-06 4.1245e-28
1.591e-06 2.1134e-28
1.599e-06 4.034e-28
1.6071e-06 5.7662e-28
1.6152e-06 3.6986e-28
1.6233e-06 9.5892e-29
1.6315e-06 3.6456e-29
1.6397e-06 6.0602e-29
1.6479e-06 6.5871e-29
1.6562e-06 4.4152e-29
1.6646e-06 1.8359e-29
1.673e-06 6.3992e-30
1.6814e-06 2.4218e-30
1.6898e-06 7.1949e-31
1.6983e-06 3.1277e-31
1.7069e-06 2.439e-31
1.7155e-06 1.7003e-31
1.7241e-06 9.5717e-32
1.7328e-06 3.0676e-32
1.7415e-06 3.3213e-31
1.7503e-06 1.6376e-30
1.7591e-06 2.6324e-30
1.768e-06 2.1602e-30
1.7769e-06 1.7349e-30
1.7858e-06 2.3638e-30
1.7948e-06 3.1734e-30
1.8038e-06 2.5003e-30
1.8129e-06 1.1036e-30
1.822e-06 3.7806e-31
1.8312e-06 2.4955e-31
1.8404e-06 1.5264e-31
1.8497e-06 1.7304e-31
1.859e-06 1.0093e-30
1.8684e-06 2.8595e-28
1.8778e-06 2.4864e-28
1.8872e-06 1.6239e-28
1.8967e-06 1.0383e-28
1.9063e-06 4.8876e-29
1.9159e-06 1.7464e-29
1.9255e-06 3.516e-28
1.9352e-06 2.2357e-27
1.9449e-06 5.4313e-27
1.9547e-06 6.5656e-27
1.9646e-06 4.5658e-27
1.9745e-06 2.2421e-27
1.9844e-06 1.5017e-27
1.9944e-06 4.1643e-27
2.0044e-06 1.038e-26
2.0145e-06 1.1103e-26
2.0247e-06 5.4628e-27
2.0348e-06 2.3382e-27
2.0451e-06 2.4781e-27
2.0554e-06 4.0177e-27
2.0657e-06 4.0864e-27
2.0761e-06 2.8525e-27
2.0866e-06 1.461e-27
2.0971e-06 6.6431e-28
2.1076e-06 1.9118e-28
2.1182e-06 8.1656e-29
2.1289e-06 3.0952e-29
2.1396e-06 8.8213e-30
2.1504e-06 4.5166e-30
2.1612e-06 6.1072e-30
2.1721e-06 6.4142e-30
2.183e-06 5.7253e-30
2.194e-06 3.0995e-30
2.2051e-06 1.4933e-30
2.2162e-06 3.3199e-31
2.2273e-06 1.3424e-31
2.2385e-06 3.1967e-31
2.2498e-06 5.1655e-31
2.2611e-06 5.2534e-31
2.2725e-06 3.8845e-31
2.284e-06 2.514e-31
2.2955e-06 1.2315e-31
2.307e-06 4.5134e-32
2.3186e-06 2.3439e-32
2.3303e-06 9.88e-33
2.342e-06 5.1859e-33
2.3538e-06 2.9261e-33
2.3657e-06 1.2253e-33
2.3776e-06 1.2841e-33
2.3895e-06 2.4218e-33
2.4016e-06 2.4387e-33
2.4137e-06 1.557e-33
2.4258e-06 1.783e-33
2.438e-06 2.7501e-33
2.4503e-06 8.2526e-32
2.4626e-06 6.5247e-31
2.475e-06 3.5031e-30
2.4875e-06 1.2576e-29
2.5e-06 1.3681e-29
