2.8e-07 -0
2.8141e-07 -0
2.8283e-07 -0
2.8425e-07 -0
2.8568e-07 -0
2.8712e-07 -0
2.8856e-07 -0
2.9002e-07 -0
2.9148e-07 -0
2.9294e-07 -0
2.9442e-07 -0
2.959e-07 -0
2.9739e-07 -0
2.9889e-07 -0
3.0039e-07 -0
3.019e-07 -0
3.0342e-07 -0
3.0495e-07 -0
3.0649e-07 -0
3.0803e-07 -0
3.0958e-07 -0
3.1114e-07 -0
3.127e-07 -0
3.1428e-07 -0
3.1586e-07 -0
3.1745e-07 -0
3.1905e-07 -0
3.2065e-07 -0
3.2227e-07 -0
3.2389e-07 -0
3.2552e-07 -0
3.2716e-07 -0
3.2881e-07 -0
3.3046e-07 -0
3.3213e-07 -0
3.338e-07 -0
3.3548e-07 -0
3.3717e-07 -0
3.3886e-07 -0
3.4057e-07 -0
3.4228e-07 -0
3.4401e-07 -0
3.4574e-07 -0
3.4748e-07 -0
3.4923e-07 -0
3.5099e-07 -0
3.5275e-07 -0
3.5453e-07 -0
3.5631e-07 -0
3.5811e-07 -0
3.5991e-07 -0
3.6172e-07 -0
3.6354e-07 -0
3.6537e-07 -0
3.6721e-07 -0
3.6906e-07 -0
3.7092e-07 -0
3.7278e-07 -0
3.7466e-07 -0
3.7655e-07 -0
3.7844e-07 -0
3.8035e-07 -0
3.8226e-07 -0
3.8419e-07 2.312e-37
3.8612e-07 5.3049e-35
3.8806e-07 1.8932e-32
3.9002e-07 5.0594e-32
3.9198e-07 6.1171e-32
3.9395e-07 8.3405e-32
3.9594e-07 2.3841e-31
3.9793e-07 3.9011e-31
3.9993e-07 3.3577e-31
4.0195e-07 1.8077e-31
4.0397e-07 6.7942e-32
4.06e-07 2.2147e-32
4.0805e-07 7.2108e-33
4.101e-07 6.5463e-33
4.1217e-07 3.2734e-32
4.1424e-07 1.4244e-31
4.1633e-07 2.6589e-31
4.1842e-07 2.3337e-31
4.2053e-07 1.0822e-31
4.2264e-07 4.1777e-32
4.2477e-07 4.7921e-32
4.2691e-07 7.3808e-32
4.2906e-07 5.6178e-32
4.3122e-07 2.4082e-32
4.3339e-07 4.177e-33
4.3557e-07 8.2332e-33
4.3776e-07 8.3753e-32
4.3997e-07 6.1034e-31
4.4218e-07 1.4755e-30
4.4441e-07 1.7276e-30
4.4664e-07 1.1383e-30
4.4889e-07 4.7966e-31
4.5115e-07 1.3507e-31
4.5342e-07 4.526e-32
4.5571e-07 5.9324e-32
4.58e-07 4.9617e-32
4.6031e-07 2.6257e-32
4.6262e-07 1.8339e-32
4.6495e-07 1.3664e-31
4.6729e-07 4.9442e-31
4.6964e-07 7.3479e-31
4.7201e-07 8.1326e-31
4.7438e-07 4.35e-31
4.7677e-07 1.6755e-31
4.7917e-07 3.8793e-32
4.8158e-07 1.2455e-31
4.8401e-07 4.5318e-31
4.8645e-07 7.5709e-31
4.8889e-07 7.1254e-31
4.9136e-07 4.2568e-31
4.9383e-07 1.7079e-31
4.9631e-07 1.7102e-31
4.9881e-07 9.199e-31
5.0132e-07 4.4785e-30
5.0385e-07 8.8377e-30
5.0638e-07 9.1969e-30
5.0893e-07 6.0735e-30
5.1149e-07 3.264e-30
5.1407e-07 8.5896e-31
5.1666e-07 2.2418e-31
5.1926e-07 1.1169e-31
5.2187e-07 3.4661e-31
5.245e-07 7.1151e-31
5.2714e-07 7.832e-31
5.2979e-07 6.1615e-31
5.3246e-07 4.3466e-31
5.3514e-07 4.6016e-31
5.3783e-07 1.659e-30
5.4054e-07 3.876e-30
5.4326e-07 5.5015e-30
5.46e-07 5.0023e-30
5.4875e-07 3.0316e-30
5.5151e-07 1.2803e-30
5.5428e-07 4.5715e-31
5.5707e-07 1.7885e-31
5.5988e-07 2.7707e-31
5.627e-07 5.1128e-31
5.6553e-07 2.76e-30
5.6838e-07 6.8406e-30
5.7124e-07 8.652e-30
5.7411e-07 7.6923e-30
5.77e-07 5.4225e-30
5.7991e-07 3.1714e-30
5.8283e-07 3.7652e-30
5.8576e-07 1.6897e-29
5.8871e-07 4.2312e-29
5.9167e-07 5.5656e-29
5.9465e-07 4.8864e-29
5.9764e-07 3.2547e-29
6.0065e-07 1.4742e-29
6.0368e-07 4.559e-30
6.0671e-07 1.0324e-30
6.0977e-07 2.1663e-31
6.1284e-07 7.6312e-32
6.1592e-07 6.4683e-32
6.1902e-07 1.1162e-31
6.2214e-07 7.0962e-31
6.2527e-07 3.3724e-30
6.2842e-07 6.4922e-30
6.3158e-07 7.2462e-30
6.3476e-07 5.6006e-30
6.3796e-07 4.6355e-30
6.4117e-07 5.7794e-30
6.444e-07 1.7966e-29
6.4764e-07 3.5303e-29
6.509e-07 3.7561e-29
6.5418e-07 3.0637e-29
6.5747e-07 2.1275e-29
6.6078e-07 9.914e-30
6.6411e-07 3.4143e-30
6.6745e-07 1.2549e-30
6.7081e-07 4.3021e-31
6.7419e-07 1.8542e-31
6.7758e-07 4.3417e-31
6.8099e-07 1.2066e-30
6.8442e-07 2.2063e-30
6.8786e-07 9.8615e-30
6.9133e-07 4.1338e-29
6.9481e-07 7.0226e-29
6.983e-07 7.251e-29
7.0182e-07 6.4787e-29
7.0535e-07 5.1281e-29
7.089e-07 3.4497e-29
7.1247e-07 5.4085e-29
7.1606e-07 1.5869e-28
7.1966e-07 2.6171e-28
7.2328e-07 2.5691e-28
7.2693e-07 2.5281e-28
7.3058e-07 2.0923e-28
7.3426e-07 1.2701e-28
7.3796e-07 5.9431e-29
7.4167e-07 2.1061e-29
7.4541e-07 7.3885e-30
7.4916e-07 2.0485e-30
7.5293e-07 7.7785e-31
7.5672e-07 4.0012e-31
7.6053e-07 2.9e-31
7.6436e-07 1.0147e-31
7.6821e-07 6.4504e-32
7.7207e-07 1.1922e-31
7.7596e-07 3.5004e-31
7.7986e-07 2.0855e-30
7.8379e-07 1.0991e-29
7.8774e-07 1.92e-29
7.917e-07 3.5043e-29
7.9569e-07 3.7158e-29
7.9969e-07 4.403e-29
8.0372e-07 3.4088e-29
8.0776e-07 7.0432e-29
8.1183e-07 1.5414e-28
8.1592e-07 2.6889e-28
8.2002e-07 2.8171e-28
8.2415e-07 2.4136e-28
8.283e-07 2.0645e-28
8.3247e-07 1.5558e-28
8.3666e-07 9.2514e-29
8.4087e-07 4.4196e-29
8.451e-07 2.1045e-29
8.4936e-07 1.2538e-29
8.5363e-07 9.9825e-30
8.5793e-07 5.9931e-30
8.6225e-07 2.324e-30
8.6659e-07 6.6932e-31
8.7095e-07 6.709e-31
8.7534e-07 1.8878e-30
8.7974e-07 4.6424e-30
8.8417e-07 9.1391e-30
8.8862e-07 3.5416e-29
8.931e-07 1.4371e-28
8.9759e-07 3.036e-28
9.0211e-07 3.4259e-28
9.0665e-07 3.5861e-28
9.1121e-07 4.0172e-28
9.158e-07 3.9996e-28
9.2041e-07 3.2298e-28
9.2505e-07 4.1373e-28
9.297e-07 8.9124e-28
9.3438e-07 1.4241e-27
9.3909e-07 1.429e-27
9.4381e-07 1.2802e-27
9.4856e-07 1.262e-27
9.5334e-07 1.1661e-27
9.5814e-07 1.0153e-27
9.6296e-07 7.5737e-28
9.6781e-07 4.8536e-28
9.7268e-07 3.5007e-28
9.7758e-07 2.9206e-28
9.825e-07 1.9157e-28
9.8744e-07 9.1883e-29
9.9241e-07 3.7044e-29
9.9741e-07 2.0178e-29
1.0024e-06 1.8499e-29
1.0075e-06 1.7383e-29
1.0125e-06 1.3366e-29
1.0176e-06 1.0655e-29
1.0228e-06 9.9169e-30
1.0279e-06 7.3179e-30
1.0331e-06 3.3746e-30
1.0383e-06 1.2676e-30
1.0435e-06 7.3277e-31
1.0488e-06 5.5257e-31
1.054e-06 8.0956e-31
1.0594e-06 1.8925e-30
1.0647e-06 6.1734e-30
1.07e-06 1.394e-29
1.0754e-06 2.8827e-29
1.0808e-06 5.0448e-29
1.0863e-06 7.7527e-29
1.0918e-06 1.2354e-28
1.0973e-06 2.0347e-28
1.1028e-06 3.5338e-28
1.1083e-06 5.9858e-28
1.1139e-06 1.0983e-27
1.1195e-06 1.7525e-27
1.1251e-06 2.0423e-27
1.1308e-06 1.8137e-27
1.1365e-06 1.5746e-27
1.1422e-06 1.4646e-27
1.148e-06 1.4492e-27
1.1538e-06 1.2037e-27
1.1596e-06 7.8951e-28
1.1654e-06 5.0513e-28
1.1713e-06 3.548e-28
1.1772e-06 3.0403e-28
1.1831e-06 2.9396e-28
1.189e-06 2.5689e-28
1.195e-06 2.2788e-28
1.201e-06 2.1517e-28
1.2071e-06 1.9867e-28
1.2132e-06 1.6046e-28
1.2193e-06 1.1506e-28
1.2254e-06 7.6236e-29
1.2316e-06 4.0189e-29
1.2378e-06 1.5199e-29
1.244e-06 5.3985e-30
1.2503e-06 2.7838e-30
1.2566e-06 3.2599e-30
1.2629e-06 5.2944e-30
1.2692e-06 8.4055e-30
1.2756e-06 1.2771e-29
1.2821e-06 2.4521e-29
1.2885e-06 5.6884e-29
1.295e-06 1.0986e-28
1.3015e-06 1.9531e-28
1.3081e-06 3.021e-28
1.3147e-06 3.9134e-28
1.3213e-06 5.4593e-28
1.3279e-06 7.7025e-28
1.3346e-06 1.0744e-27
1.3413e-06 1.5432e-27
1.3481e-06 2.7497e-27
1.3549e-06 5.1225e-27
1.3617e-06 9.5598e-27
1.3685e-06 1.0307e-26
1.3754e-06 9.1066e-27
1.3824e-06 8.791e-27
1.3893e-06 8.0742e-27
1.3963e-06 7.3188e-27
1.4033e-06 6.7736e-27
1.4104e-06 5.8348e-27
1.4175e-06 4.7572e-27
1.4246e-06 3.9384e-27
1.4318e-06 3.3063e-27
1.439e-06 3.0155e-27
1.4463e-06 2.5005e-27
1.4535e-06 1.9253e-27
1.4609e-06 1.7459e-27
1.4682e-06 1.8864e-27
1.4756e-06 1.8218e-27
1.483e-06 1.4527e-27
1.4905e-06 9.8977e-28
1.498e-06 6.1723e-28
1.5055e-06 3.9673e-28
1.5131e-06 2.6571e-28
1.5207e-06 1.6547e-28
1.5284e-06 9.5373e-29
1.5361e-06 5.2679e-29
1.5438e-06 2.9698e-29
1.5516e-06 1.6838e-29
1.5594e-06 1.1626e-29
1.5672e-06 1.1124e-29
1.5751e-06 9.6988e-30
1.5831e-06 9.5678e-30
1.591e-06 9.2978e-30
1.599e-06 7.8847e-30
1.6071e-06 5.7026e-30
1.6152e-06 4.4866e-30
1.6233e-06 3.5063e-30
1.6315e-06 4.1178e-30
1.6397e-06 6.839e-30
1.6479e-06 1.0972e-29
1.6562e-06 1.4728e-29
1.6646e-06 1.8469e-29
1.673e-06 1.744e-29
1.6814e-06 2.2533e-29
1.6898e-06 3.6746e-29
1.6983e-06 5.8382e-29
1.7069e-06 7.601e-29
1.7155e-06 9.0368e-29
1.7241e-06 1.3969e-28
1.7328e-06 1.8052e-28
1.7415e-06 2.2286e-28
1.7503e-06 2.5914e-28
1.7591e-06 3.2628e-28
1.768e-06 4.965e-28
1.7769e-06 7.3349e-28
1.7858e-06 1.1081e-27
1.7948e-06 1.7239e-27
1.8038e-06 2.734e-27
1.8129e-06 4.0523e-27
1.822e-06 5.4746e-27
1.8312e-06 7.2977e-27
1.8404e-06 9.7216e-27
1.8497e-06 1.0363e-26
1.859e-06 1.0231e-26
1.8684e-06 9.7777e-27
1.8778e-06 8.3947e-27
1.8872e-06 7.4935e-27
1.8967e-06 7.7756e-27
1.9063e-06 8.5398e-27
1.9159e-06 7.5703e-27
1.9255e-06 6.2397e-27
1.9352e-06 4.9383e-27
1.9449e-06 3.912e-27
1.9547e-06 2.5257e-27
1.9646e-06 1.3911e-27
1.9745e-06 8.6563e-28
1.9844e-06 6.4725e-28
1.9944e-06 5.544e-28
2.0044e-06 4.605e-28
2.0145e-06 3.0536e-28
2.0247e-06 2.1883e-28
2.0348e-06 1.5795e-28
2.0451e-06 1.2314e-28
2.0554e-06 1.0972e-28
2.0657e-06 9.7024e-29
2.0761e-06 7.5245e-29
2.0866e-06 6.7375e-29
2.0971e-06 6.6625e-29
2.1076e-06 6.1825e-29
2.1182e-06 5.734e-29
2.1289e-06 4.0099e-29
2.1396e-06 3.4234e-29
2.1504e-06 5.1212e-29
2.1612e-06 6.7033e-29
2.1721e-06 7.6024e-29
2.183e-06 9.4738e-29
2.194e-06 9.4273e-29
2.2051e-06 7.1847e-29
2.2162e-06 4.6104e-29
2.2273e-06 2.2707e-29
2.2385e-06 1.3065e-29
2.2498e-06 8.7121e-30
2.2611e-06 8.8823e-30
2.2725e-06 1.1885e-29
2.284e-06 2.1036e-29
2.2955e-06 3.2177e-29
2.307e-06 4.5653e-29
2.3186e-06 7.1687e-29
2.3303e-06 1.1006e-28
2.342e-06 1.7067e-28
2.3538e-06 2.3132e-28
2.3657e-06 3.1024e-28
2.3776e-06 4.5225e-28
2.3895e-06 5.1788e-28
2.4016e-06 6.15e-28
2.4137e-06 7.8763e-28
2.4258e-06 8.1643e-28
2.438e-06 9.1868e-28
2.4503e-06 1.1433e-27
2.4626e-06 1.324e-27
2.475e-06 1.8885e-27
2.4875e-06 2.9458e-27
2.5e-06 3.8102e-27
