2.8e-07 -0
2.8141e-07 -0
2.8283e-07 -0
2.8425e-07 -0
2.8568e-07 -0
2.8712e-07 -0
2.8856e-07 -0
2.9002e-07 -0
2.9148e-07 -0
2.9294e-07 -0
2.9442e-07 -0
2.959e-07 -0
2.9739e-07 -0
2.9889e-07 -0
3.0039e-07 -0
3.019e-07 -0
3.0342e-07 -0
3.0495e-07 -0
3.0649e-07 -0
3.0803e-07 -0
3.0958e-07 -0
3.1114e-07 -0
3.127e-07 -0
3.1428e-07 -0
3.1586e-07 -0
3.1745e-07 -0
3.1905e-07 -0
3.2065e-07 -0
3.2227e-07 -0
3.2389e-07 -0
3.2552e-07 -0
3.2716e-07 -0
3.2881e-07 -0
3.3046e-07 -0
3.3213e-07 -0
3.338e-07 -0
3.3548e-07 -0
3.3717e-07 -0
3.3886e-07 -0
3.4057e-07 -0
3.4228e-07 -0
3.4401e-07 -0
3.4574e-07 -0
3.4748e-07 -0
3.4923e-07 -0
3.5099e-07 -0
3.5275e-07 -0
3.5453e-07 -0
3.5631e-07 -0
3.5811e-07 -0
3.5991e-07 -0
3.6172e-07 -0
3.6354e-07 -0
3.6537e-07 -0
3.6721e-07 -0
3.6906e-07 -0
3.7092e-07 -0
3.7278e-07 -0
3.7466e-07 -0
3.7655e-07 -0
3.7844e-07 -0
3.8035e-07 -0
3.8226e-07 -6.2469e-43
3.8419e-07 3.772e-37
3.8612e-07 1.2179e-33
3.8806e-07 2.5622e-32
3.9002e-07 6.8079e-32
3.9198e-07 8.2804e-32
3.9395e-07 1.1266e-31
3.9594e-07 3.2142e-31
3.9793e-07 5.2627e-31
3.9993e-07 4.5845e-31
4.0195e-07 2.4396e-31
4.0397e-07 9.2024e-32
4.06e-07 3.0113e-32
4.0805e-07 9.7744e-33
4.101e-07 8.8837e-33
4.1217e-07 4.4269e-32
4.1424e-07 1.9215e-31
4.1633e-07 3.5825e-31
4.1842e-07 3.1533e-31
4.2053e-07 1.4634e-31
4.2264e-07 5.6549e-32
4.2477e-07 6.49e-32
4.2691e-07 9.3106e-32
4.2906e-07 7.6536e-32
4.3122e-07 2.8616e-32
4.3339e-07 5.6734e-33
4.3557e-07 1.1186e-32
4.3776e-07 1.1424e-31
4.3997e-07 8.237e-31
4.4218e-07 1.9408e-30
4.4441e-07 2.2953e-30
4.4664e-07 1.5363e-30
4.4889e-07 6.4841e-31
4.5115e-07 1.9039e-31
4.5342e-07 6.3112e-32
4.5571e-07 8.0468e-32
4.58e-07 6.7288e-32
4.6031e-07 3.5711e-32
4.6262e-07 2.4915e-32
4.6495e-07 1.8373e-31
4.6729e-07 6.8047e-31
4.6964e-07 1.1116e-30
4.7201e-07 1.0889e-30
4.7438e-07 5.9138e-31
4.7677e-07 2.2628e-31
4.7917e-07 5.2654e-32
4.8158e-07 1.6838e-31
4.8401e-07 6.0923e-31
4.8645e-07 1.0245e-30
4.8889e-07 9.6648e-31
4.9136e-07 5.7734e-31
4.9383e-07 2.3228e-31
4.9631e-07 2.3167e-31
4.9881e-07 1.2588e-30
5.0132e-07 6.0681e-30
5.0385e-07 1.193e-29
5.0638e-07 1.2403e-29
5.0893e-07 7.8363e-30
5.1149e-07 4.4184e-30
5.1407e-07 1.1592e-30
5.1666e-07 2.9657e-31
5.1926e-07 1.5311e-31
5.2187e-07 4.7021e-31
5.245e-07 9.6691e-31
5.2714e-07 1.0655e-30
5.2979e-07 8.3971e-31
5.3246e-07 5.9256e-31
5.3514e-07 6.2781e-31
5.3783e-07 2.2505e-30
5.4054e-07 5.3948e-30
5.4326e-07 7.403e-30
5.46e-07 6.428e-30
5.4875e-07 4.0924e-30
5.5151e-07 1.7361e-30
5.5428e-07 6.1368e-31
5.5707e-07 2.2809e-31
5.5988e-07 3.8023e-31
5.627e-07 6.9952e-31
5.6553e-07 3.7428e-30
5.6838e-07 9.2502e-30
5.7124e-07 1.1729e-29
5.7411e-07 1.0409e-29
5.77e-07 7.3477e-30
5.7991e-07 4.3049e-30
5.8283e-07 5.0956e-30
5.8576e-07 2.2627e-29
5.8871e-07 5.6563e-29
5.9167e-07 7.4801e-29
5.9465e-07 6.66e-29
5.9764e-07 4.27e-29
6.0065e-07 1.9859e-29
6.0368e-07 6.1631e-30
6.0671e-07 1.4085e-30
6.0977e-07 3.1566e-31
6.1284e-07 1.0531e-31
6.1592e-07 8.9484e-32
6.1902e-07 1.5424e-31
6.2214e-07 9.5003e-31
6.2527e-07 4.5461e-30
6.2842e-07 8.7052e-30
6.3158e-07 9.2769e-30
6.3476e-07 7.6408e-30
6.3796e-07 6.3016e-30
6.4117e-07 7.8321e-30
6.444e-07 2.3797e-29
6.4764e-07 4.7155e-29
6.509e-07 5.0432e-29
6.5418e-07 3.7899e-29
6.5747e-07 2.8518e-29
6.6078e-07 1.3397e-29
6.6411e-07 4.401e-30
6.6745e-07 1.7113e-30
6.7081e-07 6.8886e-31
6.7419e-07 2.5461e-31
6.7758e-07 5.625e-31
6.8099e-07 1.6401e-30
6.8442e-07 2.9979e-30
6.8786e-07 1.344e-29
6.9133e-07 5.5493e-29
6.9481e-07 8.9834e-29
6.983e-07 9.8453e-29
7.0182e-07 8.6832e-29
7.0535e-07 6.8924e-29
7.089e-07 4.6944e-29
7.1247e-07 7.2745e-29
7.1606e-07 2.0052e-28
7.1966e-07 3.373e-28
7.2328e-07 3.4465e-28
7.2693e-07 3.2528e-28
7.3058e-07 2.6281e-28
7.3426e-07 1.5114e-28
7.3796e-07 7.5637e-29
7.4167e-07 3.3346e-29
7.4541e-07 9.999e-30
7.4916e-07 2.7814e-30
7.5293e-07 1.0695e-30
7.5672e-07 6.2546e-31
7.6053e-07 3.9895e-31
7.6436e-07 1.4384e-31
7.6821e-07 8.2372e-32
7.7207e-07 1.6566e-31
7.7596e-07 4.218e-31
7.7986e-07 2.104e-30
7.8379e-07 1.3539e-29
7.8774e-07 3.5281e-29
7.917e-07 4.9669e-29
7.9569e-07 5.4256e-29
7.9969e-07 6.3293e-29
8.0372e-07 5.9819e-29
8.0776e-07 8.3543e-29
8.1183e-07 1.9921e-28
8.1592e-07 3.346e-28
8.2002e-07 3.5683e-28
8.2415e-07 3.1661e-28
8.283e-07 2.6195e-28
8.3247e-07 1.9915e-28
8.3666e-07 1.2071e-28
8.4087e-07 5.9409e-29
8.451e-07 2.8837e-29
8.4936e-07 1.7345e-29
8.5363e-07 1.3798e-29
8.5793e-07 8.3694e-30
8.6225e-07 3.2153e-30
8.6659e-07 1.0401e-30
8.7095e-07 9.2566e-31
8.7534e-07 2.6135e-30
8.7974e-07 6.4665e-30
8.8417e-07 1.2597e-29
8.8862e-07 4.6014e-29
8.931e-07 1.7922e-28
8.9759e-07 3.7041e-28
9.0211e-07 4.3107e-28
9.0665e-07 4.4905e-28
9.1121e-07 5.0996e-28
9.158e-07 5.114e-28
9.2041e-07 4.1597e-28
9.2505e-07 5.2274e-28
9.297e-07 1.0752e-27
9.3438e-07 1.7597e-27
9.3909e-07 1.7771e-27
9.4381e-07 1.6188e-27
9.4856e-07 1.5874e-27
9.5334e-07 1.4641e-27
9.5814e-07 1.271e-27
9.6296e-07 9.4487e-28
9.6781e-07 6.0945e-28
9.7268e-07 4.486e-28
9.7758e-07 3.7725e-28
9.825e-07 2.4742e-28
9.8744e-07 1.1964e-28
9.9241e-07 5.0149e-29
9.9741e-07 2.7826e-29
1.0024e-06 2.56e-29
1.0075e-06 2.3991e-29
1.0125e-06 1.8512e-29
1.0176e-06 1.475e-29
1.0228e-06 1.3808e-29
1.0279e-06 1.017e-29
1.0331e-06 4.6416e-30
1.0383e-06 1.7856e-30
1.0435e-06 1.0236e-30
1.0488e-06 8.7961e-31
1.054e-06 1.1344e-30
1.0594e-06 2.6734e-30
1.0647e-06 8.3475e-30
1.07e-06 1.8973e-29
1.0754e-06 3.8432e-29
1.0808e-06 6.6922e-29
1.0863e-06 1.0272e-28
1.0918e-06 1.6168e-28
1.0973e-06 2.7681e-28
1.1028e-06 4.5968e-28
1.1083e-06 7.5269e-28
1.1139e-06 1.322e-27
1.1195e-06 2.2162e-27
1.1251e-06 2.5996e-27
1.1308e-06 2.2949e-27
1.1365e-06 1.9758e-27
1.1422e-06 1.8563e-27
1.148e-06 1.8488e-27
1.1538e-06 1.5216e-27
1.1596e-06 9.9882e-28
1.1654e-06 6.5033e-28
1.1713e-06 4.5826e-28
1.1772e-06 3.9386e-28
1.1831e-06 3.8012e-28
1.189e-06 3.3605e-28
1.195e-06 2.9306e-28
1.201e-06 2.8256e-28
1.2071e-06 2.5764e-28
1.2132e-06 2.1521e-28
1.2193e-06 1.534e-28
1.2254e-06 9.3464e-29
1.2316e-06 5.4262e-29
1.2378e-06 2.1311e-29
1.244e-06 7.5537e-30
1.2503e-06 3.9312e-30
1.2566e-06 4.5789e-30
1.2629e-06 7.3917e-30
1.2692e-06 1.1944e-29
1.2756e-06 1.8027e-29
1.2821e-06 3.3921e-29
1.2885e-06 7.555e-29
1.295e-06 1.4395e-28
1.3015e-06 2.4948e-28
1.3081e-06 3.8063e-28
1.3147e-06 5.2509e-28
1.3213e-06 6.9872e-28
1.3279e-06 9.7973e-28
1.3346e-06 1.3567e-27
1.3413e-06 1.8743e-27
1.3481e-06 3.1215e-27
1.3549e-06 5.6353e-27
1.3617e-06 1.2127e-26
1.3685e-06 1.298e-26
1.3754e-06 1.2009e-26
1.3824e-06 1.172e-26
1.3893e-06 1.0824e-26
1.3963e-06 9.801e-27
1.4033e-06 8.7947e-27
1.4104e-06 7.3123e-27
1.4175e-06 5.949e-27
1.4246e-06 4.8279e-27
1.4318e-06 4.1883e-27
1.439e-06 3.7906e-27
1.4463e-06 3.1551e-27
1.4535e-06 2.4493e-27
1.4609e-06 2.2476e-27
1.4682e-06 2.3974e-27
1.4756e-06 2.2933e-27
1.483e-06 1.8299e-27
1.4905e-06 1.2355e-27
1.498e-06 7.8009e-28
1.5055e-06 5.0528e-28
1.5131e-06 3.4788e-28
1.5207e-06 2.1837e-28
1.5284e-06 1.2922e-28
1.5361e-06 7.1792e-29
1.5438e-06 4.1243e-29
1.5516e-06 2.3828e-29
1.5594e-06 1.6457e-29
1.5672e-06 1.5668e-29
1.5751e-06 1.3811e-29
1.5831e-06 1.3453e-29
1.591e-06 1.3069e-29
1.599e-06 1.1239e-29
1.6071e-06 8.1284e-30
1.6152e-06 6.2966e-30
1.6233e-06 4.8907e-30
1.6315e-06 5.8611e-30
1.6397e-06 9.7664e-30
1.6479e-06 1.5532e-29
1.6562e-06 2.0684e-29
1.6646e-06 2.5151e-29
1.673e-06 2.4161e-29
1.6814e-06 3.1463e-29
1.6898e-06 4.9469e-29
1.6983e-06 8.1411e-29
1.7069e-06 1.0397e-28
1.7155e-06 1.3201e-28
1.7241e-06 1.7679e-28
1.7328e-06 2.2859e-28
1.7415e-06 2.8133e-28
1.7503e-06 3.2833e-28
1.7591e-06 3.9757e-28
1.768e-06 6.2213e-28
1.7769e-06 9.2377e-28
1.7858e-06 1.3777e-27
1.7948e-06 2.1099e-27
1.8038e-06 3.3002e-27
1.8129e-06 4.9552e-27
1.822e-06 6.9621e-27
1.8312e-06 9.0683e-27
1.8404e-06 1.1978e-26
1.8497e-06 1.4533e-26
1.859e-06 1.432e-26
1.8684e-06 1.3368e-26
1.8778e-06 1.1349e-26
1.8872e-06 1.0204e-26
1.8967e-06 1.0343e-26
1.9063e-06 1.1218e-26
1.9159e-06 1.0167e-26
1.9255e-06 8.1602e-27
1.9352e-06 6.2097e-27
1.9449e-06 4.8797e-27
1.9547e-06 3.0899e-27
1.9646e-06 1.6419e-27
1.9745e-06 1.0465e-27
1.9844e-06 8.2069e-28
1.9944e-06 7.2238e-28
2.0044e-06 6.1772e-28
2.0145e-06 3.8564e-28
2.0247e-06 2.7497e-28
2.0348e-06 2.0364e-28
2.0451e-06 1.6418e-28
2.0554e-06 1.4874e-28
2.0657e-06 1.3268e-28
2.0761e-06 1.0195e-28
2.0866e-06 9.0582e-29
2.0971e-06 9.0271e-29
2.1076e-06 8.3558e-29
2.1182e-06 7.6968e-29
2.1289e-06 5.4593e-29
2.1396e-06 4.5339e-29
2.1504e-06 6.9262e-29
2.1612e-06 9.003e-29
2.1721e-06 1.0194e-28
2.183e-06 1.2413e-28
2.194e-06 1.2481e-28
2.2051e-06 9.5685e-29
2.2162e-06 5.9787e-29
2.2273e-06 3.0684e-29
2.2385e-06 1.7217e-29
2.2498e-06 1.2221e-29
2.2611e-06 1.2324e-29
2.2725e-06 1.5895e-29
2.284e-06 2.7925e-29
2.2955e-06 4.566e-29
2.307e-06 6.0375e-29
2.3186e-06 9.3667e-29
2.3303e-06 1.4323e-28
2.342e-06 2.1949e-28
2.3538e-06 2.9335e-28
2.3657e-06 3.9376e-28
2.3776e-06 5.7242e-28
2.3895e-06 6.5011e-28
2.4016e-06 7.8973e-28
2.4137e-06 9.9519e-28
2.4258e-06 1.026e-27
2.438e-06 1.1344e-27
2.4503e-06 1.4255e-27
2.4626e-06 1.7085e-27
2.475e-06 2.399e-27
2.4875e-06 3.7708e-27
2.5e-06 5.0848e-27
