2.8e-07 -0
2.8141e-07 -0
2.8283e-07 -0
2.8425e-07 -0
2.8568e-07 -0
2.8712e-07 -0
2.8856e-07 -0
2.9002e-07 -0
2.9148e-07 -0
2.9294e-07 -0
2.9442e-07 -0
2.959e-07 -0
2.9739e-07 -0
2.9889e-07 -0
3.0039e-07 -0
3.019e-07 -0
3.0342e-07 -0
3.0495e-07 -0
3.0649e-07 -0
3.0803e-07 -0
3.0958e-07 -0
3.1114e-07 -0
3.127e-07 -0
3.1428e-07 -0
3.1586e-07 -0
3.1745e-07 -0
3.1905e-07 -0
3.2065e-07 -0
3.2227e-07 -0
3.2389e-07 -0
3.2552e-07 -0
3.2716e-07 -0
3.2881e-07 -0
3.3046e-07 -0
3.3213e-07 -0
3.338e-07 -0
3.3548e-07 -0
3.3717e-07 -0
3.3886e-07 -0
3.4057e-07 -0
3.4228e-07 -0
3.4401e-07 -0
3.4574e-07 -0
3.4748e-07 -0
3.4923e-07 -0
3.5099e-07 -0
3.5275e-07 -0
3.5453e-07 -0
3.5631e-07 -0
3.5811e-07 -0
3.5991e-07 -0
3.6172e-07 -0
3.6354e-07 -0
3.6537e-07 -0
3.6721e-07 -0
3.6906e-07 -0
3.7092e-07 -0
3.7278e-07 -0
3.7466e-07 -0
3.7655e-07 -0
3.7844e-07 -0
3.8035e-07 -0
3.8226e-07 2.3426e-42
3.8419e-07 2.5689e-37
3.8612e-07 5.8903e-35
3.8806e-07 1.9027e-32
3.9002e-07 5.0508e-32
3.9198e-07 6.1472e-32
3.9395e-07 8.3712e-32
3.9594e-07 2.3899e-31
3.9793e-07 3.9151e-31
3.9993e-07 3.4139e-31
4.0195e-07 1.815e-31
4.0397e-07 6.8336e-32
4.06e-07 2.2297e-32
4.0805e-07 7.2344e-33
4.101e-07 6.5745e-33
4.1217e-07 3.2852e-32
4.1424e-07 1.4293e-31
4.1633e-07 2.6665e-31
4.1842e-07 2.3412e-31
4.2053e-07 1.0869e-31
4.2264e-07 4.1946e-32
4.2477e-07 4.8113e-32
4.2691e-07 7.36e-32
4.2906e-07 5.6754e-32
4.3122e-07 2.127e-32
4.3339e-07 4.1938e-33
4.3557e-07 8.2718e-33
4.3776e-07 8.4718e-32
4.3997e-07 6.116e-31
4.4218e-07 1.4362e-30
4.4441e-07 1.7137e-30
4.4664e-07 1.1416e-30
4.4889e-07 4.8227e-31
4.5115e-07 1.3512e-31
4.5342e-07 5.5743e-32
4.5571e-07 5.9525e-32
4.58e-07 4.9778e-32
4.6031e-07 2.6369e-32
4.6262e-07 1.8425e-32
4.6495e-07 1.3677e-31
4.6729e-07 5.0629e-31
4.6964e-07 7.3591e-31
4.7201e-07 8.1175e-31
4.7438e-07 4.3946e-31
4.7677e-07 1.6782e-31
4.7917e-07 3.8954e-32
4.8158e-07 1.2512e-31
4.8401e-07 4.5524e-31
4.8645e-07 7.6117e-31
4.8889e-07 7.1769e-31
4.9136e-07 4.2825e-31
4.9383e-07 1.7187e-31
4.9631e-07 1.7181e-31
4.9881e-07 9.3108e-31
5.0132e-07 4.514e-30
5.0385e-07 8.8603e-30
5.0638e-07 9.2128e-30
5.0893e-07 6.1055e-30
5.1149e-07 3.2803e-30
5.1407e-07 8.6209e-31
5.1666e-07 2.2325e-31
5.1926e-07 1.1216e-31
5.2187e-07 3.4803e-31
5.245e-07 7.1543e-31
5.2714e-07 7.8765e-31
5.2979e-07 6.1934e-31
5.3246e-07 4.3622e-31
5.3514e-07 4.6219e-31
5.3783e-07 1.6682e-30
5.4054e-07 4.0082e-30
5.4326e-07 5.5083e-30
5.46e-07 5.0107e-30
5.4875e-07 3.0392e-30
5.5151e-07 1.2891e-30
5.5428e-07 4.5494e-31
5.5707e-07 1.7991e-31
5.5988e-07 2.7821e-31
5.627e-07 5.1349e-31
5.6553e-07 2.7744e-30
5.6838e-07 6.8681e-30
5.7124e-07 8.6881e-30
5.7411e-07 7.7239e-30
5.77e-07 5.4484e-30
5.7991e-07 3.188e-30
5.8283e-07 3.7808e-30
5.8576e-07 1.6903e-29
5.8871e-07 4.2302e-29
5.9167e-07 5.5751e-29
5.9465e-07 4.8823e-29
5.9764e-07 3.1814e-29
6.0065e-07 1.4791e-29
6.0368e-07 4.5783e-30
6.0671e-07 1.0417e-30
6.0977e-07 2.2102e-31
6.1284e-07 7.6442e-32
6.1592e-07 6.4787e-32
6.1902e-07 1.1191e-31
6.2214e-07 7.1283e-31
6.2527e-07 3.3777e-30
6.2842e-07 6.4547e-30
6.3158e-07 7.2035e-30
6.3476e-07 5.6484e-30
6.3796e-07 4.6605e-30
6.4117e-07 5.798e-30
6.444e-07 1.7963e-29
6.4764e-07 3.5257e-29
6.509e-07 3.7615e-29
6.5418e-07 2.7941e-29
6.5747e-07 2.1283e-29
6.6078e-07 9.9472e-30
6.6411e-07 3.42e-30
6.6745e-07 1.2623e-30
6.7081e-07 4.3319e-31
6.7419e-07 1.8922e-31
6.7758e-07 4.1181e-31
6.8099e-07 1.2107e-30
6.8442e-07 2.1775e-30
6.8786e-07 9.8053e-30
6.9133e-07 4.1523e-29
6.9481e-07 7.0367e-29
6.983e-07 7.4034e-29
7.0182e-07 6.4865e-29
7.0535e-07 5.1252e-29
7.089e-07 3.4548e-29
7.1247e-07 5.5549e-29
7.1606e-07 1.5779e-28
7.1966e-07 2.6063e-28
7.2328e-07 2.6989e-28
7.2693e-07 2.5253e-28
7.3058e-07 2.0217e-28
7.3426e-07 1.1462e-28
7.3796e-07 5.6926e-29
7.4167e-07 2.4589e-29
7.4541e-07 7.3275e-30
7.4916e-07 2.0515e-30
7.5293e-07 7.8418e-31
7.5672e-07 4.53e-31
7.6053e-07 2.8002e-31
7.6436e-07 1.0378e-31
7.6821e-07 5.9741e-32
7.7207e-07 1.2045e-31
7.7596e-07 3.0865e-31
7.7986e-07 1.5372e-30
7.8379e-07 9.9855e-30
7.8774e-07 2.6013e-29
7.917e-07 3.6639e-29
7.9569e-07 3.9563e-29
7.9969e-07 4.7113e-29
8.0372e-07 4.3635e-29
8.0776e-07 6.2375e-29
8.1183e-07 1.5409e-28
8.1592e-07 2.6855e-28
8.2002e-07 2.8156e-28
8.2415e-07 2.5229e-28
8.283e-07 2.0629e-28
8.3247e-07 1.5543e-28
8.3666e-07 9.2328e-29
8.4087e-07 4.4152e-29
8.451e-07 2.1056e-29
8.4936e-07 1.256e-29
8.5363e-07 1.0001e-29
8.5793e-07 6.082e-30
8.6225e-07 2.3299e-30
8.6659e-07 7.534e-31
8.7095e-07 6.7198e-31
8.7534e-07 1.8911e-30
8.7974e-07 4.6599e-30
8.8417e-07 9.1496e-30
8.8862e-07 3.5269e-29
8.931e-07 1.4269e-28
8.9759e-07 2.9772e-28
9.0211e-07 3.4221e-28
9.0665e-07 3.5655e-28
9.1121e-07 4.0083e-28
9.158e-07 3.9884e-28
9.2041e-07 3.2245e-28
9.2505e-07 4.1146e-28
9.297e-07 8.7373e-28
9.3438e-07 1.4182e-27
9.3909e-07 1.418e-27
9.4381e-07 1.2831e-27
9.4856e-07 1.2624e-27
9.5334e-07 1.1672e-27
9.5814e-07 1.0137e-27
9.6296e-07 7.544e-28
9.6781e-07 4.8312e-28
9.7268e-07 3.5019e-28
9.7758e-07 2.9334e-28
9.825e-07 1.9166e-28
9.8744e-07 9.1769e-29
9.9241e-07 3.7022e-29
9.9741e-07 2.0186e-29
1.0024e-06 1.8522e-29
1.0075e-06 1.7371e-29
1.0125e-06 1.3359e-29
1.0176e-06 1.0629e-29
1.0228e-06 9.9248e-30
1.0279e-06 7.3234e-30
1.0331e-06 3.3288e-30
1.0383e-06 1.2746e-30
1.0435e-06 7.3286e-31
1.0488e-06 5.5503e-31
1.054e-06 8.1132e-31
1.0594e-06 1.9087e-30
1.0647e-06 5.9699e-30
1.07e-06 1.3857e-29
1.0754e-06 2.8721e-29
1.0808e-06 5.0479e-29
1.0863e-06 7.7636e-29
1.0918e-06 1.2321e-28
1.0973e-06 2.0495e-28
1.1028e-06 3.5374e-28
1.1083e-06 5.9638e-28
1.1139e-06 1.0868e-27
1.1195e-06 1.7498e-27
1.1251e-06 2.0549e-27
1.1308e-06 1.8206e-27
1.1365e-06 1.5744e-27
1.1422e-06 1.4702e-27
1.148e-06 1.46e-27
1.1538e-06 1.2076e-27
1.1596e-06 7.9053e-28
1.1654e-06 5.0102e-28
1.1713e-06 3.5764e-28
1.1772e-06 3.0482e-28
1.1831e-06 2.9423e-28
1.189e-06 2.576e-28
1.195e-06 2.2526e-28
1.201e-06 2.155e-28
1.2071e-06 1.9886e-28
1.2132e-06 1.6044e-28
1.2193e-06 1.153e-28
1.2254e-06 7.6296e-29
1.2316e-06 4.0263e-29
1.2378e-06 1.5375e-29
1.244e-06 5.4111e-30
1.2503e-06 2.7974e-30
1.2566e-06 3.2667e-30
1.2629e-06 5.3021e-30
1.2692e-06 8.5127e-30
1.2756e-06 1.2922e-29
1.2821e-06 2.4703e-29
1.2885e-06 5.6692e-29
1.295e-06 1.0996e-28
1.3015e-06 1.9493e-28
1.3081e-06 2.9865e-28
1.3147e-06 3.9543e-28
1.3213e-06 5.4825e-28
1.3279e-06 7.7244e-28
1.3346e-06 1.0749e-27
1.3413e-06 1.5283e-27
1.3481e-06 2.6678e-27
1.3549e-06 4.932e-27
1.3617e-06 9.3226e-27
1.3685e-06 1.0372e-26
1.3754e-06 9.2488e-27
1.3824e-06 8.9625e-27
1.3893e-06 8.2564e-27
1.3963e-06 7.4698e-27
1.4033e-06 6.8501e-27
1.4104e-06 5.8539e-27
1.4175e-06 4.766e-27
1.4246e-06 3.9471e-27
1.4318e-06 3.3224e-27
1.439e-06 3.0215e-27
1.4463e-06 2.5055e-27
1.4535e-06 1.9329e-27
1.4609e-06 1.7597e-27
1.4682e-06 1.9125e-27
1.4756e-06 1.8267e-27
1.483e-06 1.4551e-27
1.4905e-06 9.8075e-28
1.498e-06 6.1703e-28
1.5055e-06 3.9645e-28
1.5131e-06 2.7126e-28
1.5207e-06 1.6588e-28
1.5284e-06 9.586e-29
1.5361e-06 5.2606e-29
1.5438e-06 2.9735e-29
1.5516e-06 1.695e-29
1.5594e-06 1.1671e-29
1.5672e-06 1.1125e-29
1.5751e-06 1.1574e-29
1.5831e-06 9.338e-30
1.591e-06 1.1083e-29
1.599e-06 6.6152e-30
1.6071e-06 5.4688e-30
1.6152e-06 4.5981e-30
1.6233e-06 3.3224e-30
1.6315e-06 4.1484e-30
1.6397e-06 6.911e-30
1.6479e-06 1.1065e-29
1.6562e-06 1.4781e-29
1.6646e-06 1.8322e-29
1.673e-06 1.7542e-29
1.6814e-06 2.2941e-29
1.6898e-06 3.6995e-29
1.6983e-06 6.2617e-29
1.7069e-06 8.1126e-29
1.7155e-06 1.0166e-28
1.7241e-06 1.3969e-28
1.7328e-06 1.807e-28
1.7415e-06 2.229e-28
1.7503e-06 2.5949e-28
1.7591e-06 3.2661e-28
1.768e-06 4.9441e-28
1.7769e-06 7.3454e-28
1.7858e-06 1.1081e-27
1.7948e-06 1.718e-27
1.8038e-06 2.7155e-27
1.8129e-06 4.0523e-27
1.822e-06 5.523e-27
1.8312e-06 7.2657e-27
1.8404e-06 9.7269e-27
1.8497e-06 1.0733e-26
1.859e-06 1.0588e-26
1.8684e-06 1.0043e-26
1.8778e-06 8.5947e-27
1.8872e-06 7.6898e-27
1.8967e-06 7.8899e-27
1.9063e-06 8.6763e-27
1.9159e-06 7.746e-27
1.9255e-06 6.3639e-27
1.9352e-06 4.9697e-27
1.9449e-06 3.9306e-27
1.9547e-06 2.5166e-27
1.9646e-06 1.3667e-27
1.9745e-06 8.5684e-28
1.9844e-06 6.4665e-28
1.9944e-06 5.5838e-28
2.0044e-06 4.6699e-28
2.0145e-06 3.0293e-28
2.0247e-06 2.169e-28
2.0348e-06 1.5927e-28
2.0451e-06 1.3095e-28
2.0554e-06 1.1476e-28
2.0657e-06 9.7307e-29
2.0761e-06 6.7927e-29
2.0866e-06 6.7485e-29
2.0971e-06 6.6923e-29
2.1076e-06 6.1909e-29
2.1182e-06 5.7215e-29
2.1289e-06 4.026e-29
2.1396e-06 3.3738e-29
2.1504e-06 5.1055e-29
2.1612e-06 6.684e-29
2.1721e-06 7.6259e-29
2.183e-06 9.3879e-29
2.194e-06 9.5448e-29
2.2051e-06 7.4255e-29
2.2162e-06 4.5964e-29
2.2273e-06 2.2803e-29
2.2385e-06 1.289e-29
2.2498e-06 8.8169e-30
2.2611e-06 8.9639e-30
2.2725e-06 1.184e-29
2.284e-06 2.1009e-29
2.2955e-06 3.2323e-29
2.307e-06 4.5706e-29
2.3186e-06 7.1701e-29
2.3303e-06 1.1026e-28
2.342e-06 1.7359e-28
2.3538e-06 2.2769e-28
2.3657e-06 3.0999e-28
2.3776e-06 4.5226e-28
2.3895e-06 5.0581e-28
2.4016e-06 6.1796e-28
2.4137e-06 7.891e-28
2.4258e-06 8.1222e-28
2.438e-06 9.1385e-28
2.4503e-06 1.1346e-27
2.4626e-06 1.3365e-27
2.475e-06 1.8989e-27
2.4875e-06 2.9827e-27
2.5e-06 3.8995e-27
