2.8e-07 5.827e-24
2.8141e-07 6.7631e-24
2.8283e-07 7.4407e-24
2.8425e-07 7.945e-24
2.8568e-07 7.8883e-24
2.8712e-07 8.5916e-24
2.8856e-07 9.4274e-24
2.9002e-07 1.0563e-23
2.9148e-07 1.0383e-23
2.9294e-07 1.0768e-23
2.9442e-07 1.1486e-23
2.959e-07 1.3145e-23
2.9739e-07 1.3652e-23
2.9889e-07 1.3604e-23
3.0039e-07 1.4373e-23
3.019e-07 1.5789e-23
3.0342e-07 1.6694e-23
3.0495e-07 1.721e-23
3.0649e-07 1.7774e-23
3.0803e-07 1.8722e-23
3.0958e-07 2.0048e-23
3.1114e-07 2.1207e-23
3.127e-07 2.2046e-23
3.1428e-07 2.2759e-23
3.1586e-07 2.3935e-23
3.1745e-07 2.5367e-23
3.1905e-07 2.6484e-23
3.2065e-07 2.7441e-23
3.2227e-07 2.8409e-23
3.2389e-07 2.9831e-23
3.2552e-07 3.1348e-23
3.2716e-07 3.2366e-23
3.2881e-07 3.3214e-23
3.3046e-07 3.4406e-23
3.3213e-07 3.5985e-23
3.338e-07 3.7256e-23
3.3548e-07 3.7871e-23
3.3717e-07 3.9274e-23
3.3886e-07 4.1741e-23
3.4057e-07 4.2891e-23
3.4228e-07 4.248e-23
3.4401e-07 4.2955e-23
3.4574e-07 4.5436e-23
3.4748e-07 4.762e-23
3.4923e-07 4.7729e-23
3.5099e-07 4.6837e-23
3.5275e-07 4.791e-23
3.5453e-07 5.0502e-23
3.5631e-07 5.1853e-23
3.5811e-07 5.1529e-23
3.5991e-07 5.1174e-23
3.6172e-07 5.2077e-23
3.6354e-07 5.4242e-23
3.6537e-07 5.6049e-23
3.6721e-07 5.5936e-23
3.6906e-07 5.5368e-23
3.7092e-07 5.6333e-23
3.7278e-07 5.7663e-23
3.7466e-07 5.8753e-23
3.7655e-07 5.8966e-23
3.7844e-07 5.8898e-23
3.8035e-07 5.9984e-23
3.8226e-07 6.0625e-23
3.8419e-07 6.0522e-23
3.8612e-07 6.0947e-23
3.8806e-07 6.1704e-23
3.9002e-07 6.2844e-23
3.9198e-07 6.2646e-23
3.9395e-07 6.1337e-23
3.9594e-07 6.2199e-23
3.9793e-07 6.4369e-23
3.9993e-07 6.447e-23
4.0195e-07 6.2438e-23
4.0397e-07 6.0347e-23
4.06e-07 6.003e-23
4.0805e-07 6.1836e-23
4.101e-07 6.3044e-23
4.1217e-07 6.2471e-23
4.1424e-07 6.0178e-23
4.1633e-07 5.7199e-23
4.1842e-07 5.8027e-23
4.2053e-07 6.0972e-23
4.2264e-07 6.1566e-23
4.2477e-07 5.9118e-23
4.2691e-07 5.5626e-23
4.2906e-07 5.4434e-23
4.3122e-07 5.5028e-23
4.3339e-07 5.6794e-23
4.3557e-07 5.6815e-23
4.3776e-07 5.4213e-23
4.3997e-07 5.0884e-23
4.4218e-07 4.8803e-23
4.4441e-07 5.1118e-23
4.4664e-07 5.342e-23
4.4889e-07 5.1597e-23
4.5115e-07 4.7649e-23
4.5342e-07 4.4551e-23
4.5571e-07 4.4027e-23
4.58e-07 4.5066e-23
4.6031e-07 4.6111e-23
4.6262e-07 4.5223e-23
4.6495e-07 4.2076e-23
4.6729e-07 3.8606e-23
4.6964e-07 3.6087e-23
4.7201e-07 3.7673e-23
4.7438e-07 4.014e-23
4.7677e-07 3.8139e-23
4.7917e-07 3.5641e-23
4.8158e-07 3.2673e-23
4.8401e-07 2.8934e-23
4.8645e-07 3.0335e-23
4.8889e-07 3.2636e-23
4.9136e-07 3.0749e-23
4.9383e-07 3.0019e-23
4.9631e-07 2.7932e-23
4.9881e-07 2.2566e-23
5.0132e-07 2.1903e-23
5.0385e-07 2.4751e-23
5.0638e-07 2.4986e-23
5.0893e-07 2.4451e-23
5.1149e-07 2.3107e-23
5.1407e-07 1.9409e-23
5.1666e-07 1.6872e-23
5.1926e-07 1.6813e-23
5.2187e-07 1.7138e-23
5.245e-07 1.8338e-23
5.2714e-07 1.8445e-23
5.2979e-07 1.6665e-23
5.3246e-07 1.4386e-23
5.3514e-07 1.1827e-23
5.3783e-07 1.0718e-23
5.4054e-07 1.1787e-23
5.4326e-07 1.3171e-23
5.46e-07 1.329e-23
5.4875e-07 1.2276e-23
5.5151e-07 1.0716e-23
5.5428e-07 8.8922e-24
5.5707e-07 7.196e-24
5.5988e-07 7.0526e-24
5.627e-07 8.4341e-24
5.6553e-07 8.8525e-24
5.6838e-07 8.5562e-24
5.7124e-07 8.1364e-24
5.7411e-07 6.35e-24
5.77e-07 4.8215e-24
5.7991e-07 4.5924e-24
5.8283e-07 4.6672e-24
5.8576e-07 4.9733e-24
5.8871e-07 5.5874e-24
5.9167e-07 5.8006e-24
5.9465e-07 4.8133e-24
5.9764e-07 3.9778e-24
6.0065e-07 3.6634e-24
6.0368e-07 2.757e-24
6.0671e-07 2.1489e-24
6.0977e-07 2.6766e-24
6.1284e-07 3.4782e-24
6.1592e-07 3.4854e-24
6.1902e-07 2.9695e-24
6.2214e-07 2.5098e-24
6.2527e-07 2.0193e-24
6.2842e-07 1.551e-24
6.3158e-07 1.3609e-24
6.3476e-07 1.4163e-24
6.3796e-07 1.5496e-24
6.4117e-07 1.7353e-24
6.444e-07 1.9032e-24
6.4764e-07 1.8193e-24
6.509e-07 1.4145e-24
6.5418e-07 1.0252e-24
6.5747e-07 7.8203e-25
6.6078e-07 5.8843e-25
6.6411e-07 4.2504e-25
6.6745e-07 2.1256e-25
6.7081e-07 4.7295e-26
6.7419e-07 -0
6.7758e-07 -0
6.8099e-07 -0
6.8442e-07 -0
6.8786e-07 -0
6.9133e-07 -0
6.9481e-07 -0
6.983e-07 -0
7.0182e-07 -0
7.0535e-07 -0
7.089e-07 -0
7.1247e-07 -0
7.1606e-07 -0
7.1966e-07 -0
7.2328e-07 -0
7.2693e-07 -0
7.3058e-07 -0
7.3426e-07 -0
7.3796e-07 -0
7.4167e-07 -0
7.4541e-07 -0
7.4916e-07 -0
7.5293e-07 -0
7.5672e-07 -0
7.6053e-07 -0
7.6436e-07 -0
7.6821e-07 -0
7.7207e-07 -0
7.7596e-07 -0
7.7986e-07 -0
7.8379e-07 -0
7.8774e-07 -0
7.917e-07 -0
7.9569e-07 -0
7.9969e-07 -0
8.0372e-07 -0
8.0776e-07 -0
8.1183e-07 -0
8.1592e-07 -0
8.2002e-07 -0
8.2415e-07 -0
8.283e-07 -0
8.3247e-07 -0
8.3666e-07 -0
8.4087e-07 -0
8.451e-07 -0
8.4936e-07 -0
8.5363e-07 -0
8.5793e-07 -0
8.6225e-07 -0
8.6659e-07 -0
8.7095e-07 -0
8.7534e-07 -0
8.7974e-07 -0
8.8417e-07 -0
8.8862e-07 -0
8.931e-07 -0
8.9759e-07 -0
9.0211e-07 -0
9.0665e-07 -0
9.1121e-07 -0
9.158e-07 -0
9.2041e-07 -0
9.2505e-07 -0
9.297e-07 -0
9.3438e-07 -0
9.3909e-07 -0
9.4381e-07 -0
9.4856e-07 -0
9.5334e-07 -0
9.5814e-07 -0
9.6296e-07 -0
9.6781e-07 -0
9.7268e-07 -0
9.7758e-07 -0
9.825e-07 -0
9.8744e-07 -0
9.9241e-07 -0
9.9741e-07 -0
1.0024e-06 -0
1.0075e-06 -0
1.0125e-06 -0
1.0176e-06 -0
1.0228e-06 -0
1.0279e-06 -0
1.0331e-06 -0
1.0383e-06 -0
1.0435e-06 -0
1.0488e-06 -0
1.054e-06 -0
1.0594e-06 -0
1.0647e-06 -0
1.07e-06 -0
1.0754e-06 -0
1.0808e-06 -0
1.0863e-06 -0
1.0918e-06 -0
1.0973e-06 -0
1.1028e-06 -0
1.1083e-06 -0
1.1139e-06 -0
1.1195e-06 -0
1.1251e-06 -0
1.1308e-06 -0
1.1365e-06 -0
1.1422e-06 -0
1.148e-06 -0
1.1538e-06 -0
1.1596e-06 -0
1.1654e-06 -0
1.1713e-06 -0
1.1772e-06 -0
1.1831e-06 -0
1.189e-06 -0
1.195e-06 -0
1.201e-06 -0
1.2071e-06 -0
1.2132e-06 -0
1.2193e-06 2.9688e-36
1.2254e-06 5.9375e-36
1.2316e-06 -2.9688e-36
1.2378e-06 9.9453e-35
1.244e-06 1.4473e-33
1.2503e-06 1.5196e-32
1.2566e-06 8.6174e-30
1.2629e-06 2.9997e-29
1.2692e-06 3.3128e-29
1.2756e-06 1.8516e-29
1.2821e-06 7.3571e-30
1.2885e-06 7.464e-30
1.295e-06 4.8191e-30
1.3015e-06 1.7295e-30
1.3081e-06 9.075e-31
1.3147e-06 1.0424e-30
1.3213e-06 2.3066e-30
1.3279e-06 3.1641e-30
1.3346e-06 2.9147e-30
1.3413e-06 2.279e-30
1.3481e-06 1.8557e-30
1.3549e-06 2.0336e-30
1.3617e-06 3.8743e-31
1.3685e-06 1.0162e-31
1.3754e-06 2.376e-32
1.3824e-06 6.5832e-33
1.3893e-06 1.6981e-33
1.3963e-06 1.9e-33
1.4033e-06 1.1667e-33
1.4104e-06 2.0484e-34
1.4175e-06 8.075e-34
1.4246e-06 -4.661e-34
1.4318e-06 -5.8781e-34
1.439e-06 1.8501e-32
1.4463e-06 3.6344e-32
1.4535e-06 6.8889e-32
1.4609e-06 2.842e-32
1.4682e-06 1.2803e-32
1.4756e-06 1.6863e-32
1.483e-06 6.9322e-29
1.4905e-06 4.4097e-28
1.498e-06 6.2726e-28
1.5055e-06 3.8767e-28
1.5131e-06 8.9526e-29
1.5207e-06 1.328e-29
1.5284e-06 4.7893e-31
1.5361e-06 5.399e-32
1.5438e-06 1.4645e-31
1.5516e-06 8.1395e-31
1.5594e-06 3.9392e-30
1.5672e-06 8.0001e-30
1.5751e-06 1.3725e-29
1.5831e-06 1.291e-29
1.591e-06 1.149e-29
1.599e-06 7.4967e-30
1.6071e-06 2.6591e-29
1.6152e-06 6.6712e-29
1.6233e-06 7.833e-29
1.6315e-06 4.0923e-29
1.6397e-06 1.3396e-29
1.6479e-06 2.6137e-30
1.6562e-06 1.315e-27
1.6646e-06 5.0378e-27
1.673e-06 8.2916e-27
1.6814e-06 6.6019e-27
1.6898e-06 2.2661e-27
1.6983e-06 6.0836e-28
1.7069e-06 6.8079e-29
1.7155e-06 8.8839e-30
1.7241e-06 8.2599e-31
1.7328e-06 6.2482e-32
1.7415e-06 1.2923e-32
1.7503e-06 3.325e-33
1.7591e-06 8.8766e-34
1.768e-06 1.1875e-34
1.7769e-06 -2.7016e-34
1.7858e-06 -1.0391e-34
1.7948e-06 1.0391e-35
1.8038e-06 -0
1.8129e-06 -0
1.822e-06 -0
1.8312e-06 -0
1.8404e-06 -0
1.8497e-06 -0
1.859e-06 -0
1.8684e-06 -0
1.8778e-06 -0
1.8872e-06 -0
1.8967e-06 -0
1.9063e-06 -0
1.9159e-06 -0
1.9255e-06 -0
1.9352e-06 -0
1.9449e-06 -0
1.9547e-06 -0
1.9646e-06 -0
1.9745e-06 -0
1.9844e-06 -0
1.9944e-06 3.1617e-34
2.0044e-06 1.3995e-32
2.0145e-06 1.3457e-31
2.0247e-06 2.784e-31
2.0348e-06 4.1673e-31
2.0451e-06 5.8779e-31
2.0554e-06 9.3084e-31
2.0657e-06 1.8298e-30
2.0761e-06 1.4484e-28
2.0866e-06 1.7219e-26
2.0971e-06 9.4894e-26
2.1076e-06 9.8606e-26
2.1182e-06 8.008e-26
2.1289e-06 4.7938e-26
2.1396e-06 8.7059e-27
2.1504e-06 1.3375e-27
2.1612e-06 1.5928e-28
2.1721e-06 1.9585e-29
2.183e-06 6.629e-31
2.194e-06 4.4785e-31
2.2051e-06 2.4376e-31
2.2162e-06 8.7629e-29
2.2273e-06 1.5388e-28
2.2385e-06 2.4777e-28
2.2498e-06 1.7062e-28
2.2611e-06 2.0554e-28
2.2725e-06 4.5529e-29
2.284e-06 1.1048e-29
2.2955e-06 1.1936e-30
2.307e-06 1.8703e-30
2.3186e-06 3.15e-30
2.3303e-06 5.2683e-30
2.342e-06 8.1784e-30
2.3538e-06 1.6958e-29
2.3657e-06 3.8798e-26
2.3776e-06 2.0241e-25
2.3895e-06 3.3973e-25
2.4016e-06 3.6804e-25
2.4137e-06 1.612e-25
2.4258e-06 5.7484e-26
2.438e-06 1.6985e-26
2.4503e-06 2.575e-27
2.4626e-06 3.9395e-28
2.475e-06 1.102e-28
2.4875e-06 3.287e-30
2.5e-06 1.7434e-30
