2.8e-07 5.8114e-24
2.8141e-07 6.828e-24
2.8283e-07 7.4795e-24
2.8425e-07 7.9462e-24
2.8568e-07 7.8904e-24
2.8712e-07 8.6314e-24
2.8856e-07 9.4716e-24
2.9002e-07 1.0626e-23
2.9148e-07 1.0358e-23
2.9294e-07 1.079e-23
2.9442e-07 1.1559e-23
2.959e-07 1.3251e-23
2.9739e-07 1.3668e-23
2.9889e-07 1.3601e-23
3.0039e-07 1.443e-23
3.019e-07 1.5851e-23
3.0342e-07 1.6719e-23
3.0495e-07 1.7227e-23
3.0649e-07 1.7794e-23
3.0803e-07 1.8748e-23
3.0958e-07 2.0071e-23
3.1114e-07 2.1222e-23
3.127e-07 2.2058e-23
3.1428e-07 2.2769e-23
3.1586e-07 2.3946e-23
3.1745e-07 2.5374e-23
3.1905e-07 2.6486e-23
3.2065e-07 2.7442e-23
3.2227e-07 2.8411e-23
3.2389e-07 2.9834e-23
3.2552e-07 3.1349e-23
3.2716e-07 3.2368e-23
3.2881e-07 3.3215e-23
3.3046e-07 3.4408e-23
3.3213e-07 3.5988e-23
3.338e-07 3.7258e-23
3.3548e-07 3.7872e-23
3.3717e-07 3.9276e-23
3.3886e-07 4.1743e-23
3.4057e-07 4.2892e-23
3.4228e-07 4.248e-23
3.4401e-07 4.2955e-23
3.4574e-07 4.5437e-23
3.4748e-07 4.762e-23
3.4923e-07 4.7729e-23
3.5099e-07 4.6837e-23
3.5275e-07 4.791e-23
3.5453e-07 5.0502e-23
3.5631e-07 5.1853e-23
3.5811e-07 5.1529e-23
3.5991e-07 5.1174e-23
3.6172e-07 5.2077e-23
3.6354e-07 5.4242e-23
3.6537e-07 5.6049e-23
3.6721e-07 5.5936e-23
3.6906e-07 5.5368e-23
3.7092e-07 5.6333e-23
3.7278e-07 5.7663e-23
3.7466e-07 5.8753e-23
3.7655e-07 5.8966e-23
3.7844e-07 5.8898e-23
3.8035e-07 5.9983e-23
3.8226e-07 6.0624e-23
3.8419e-07 6.0522e-23
3.8612e-07 6.0947e-23
3.8806e-07 6.1705e-23
3.9002e-07 6.2845e-23
3.9198e-07 6.2647e-23
3.9395e-07 6.1338e-23
3.9594e-07 6.2205e-23
3.9793e-07 6.4379e-23
3.9993e-07 6.4477e-23
4.0195e-07 6.2441e-23
4.0397e-07 6.0349e-23
4.06e-07 6.0029e-23
4.0805e-07 6.1836e-23
4.101e-07 6.3043e-23
4.1217e-07 6.2471e-23
4.1424e-07 6.0179e-23
4.1633e-07 5.72e-23
4.1842e-07 5.8029e-23
4.2053e-07 6.0973e-23
4.2264e-07 6.1566e-23
4.2477e-07 5.9117e-23
4.2691e-07 5.5626e-23
4.2906e-07 5.4433e-23
4.3122e-07 5.5027e-23
4.3339e-07 5.6794e-23
4.3557e-07 5.6814e-23
4.3776e-07 5.4212e-23
4.3997e-07 5.0884e-23
4.4218e-07 4.8807e-23
4.4441e-07 5.1126e-23
4.4664e-07 5.3423e-23
4.4889e-07 5.1598e-23
4.5115e-07 4.7648e-23
4.5342e-07 4.455e-23
4.5571e-07 4.4026e-23
4.58e-07 4.5065e-23
4.6031e-07 4.611e-23
4.6262e-07 4.5223e-23
4.6495e-07 4.2074e-23
4.6729e-07 3.8605e-23
4.6964e-07 3.6087e-23
4.7201e-07 3.7672e-23
4.7438e-07 4.0139e-23
4.7677e-07 3.8139e-23
4.7917e-07 3.5641e-23
4.8158e-07 3.2673e-23
4.8401e-07 2.8934e-23
4.8645e-07 3.0335e-23
4.8889e-07 3.2633e-23
4.9136e-07 3.0748e-23
4.9383e-07 3.0018e-23
4.9631e-07 2.7932e-23
4.9881e-07 2.2566e-23
5.0132e-07 2.1901e-23
5.0385e-07 2.4754e-23
5.0638e-07 2.4987e-23
5.0893e-07 2.4453e-23
5.1149e-07 2.3107e-23
5.1407e-07 1.9409e-23
5.1666e-07 1.6872e-23
5.1926e-07 1.6813e-23
5.2187e-07 1.7137e-23
5.245e-07 1.8336e-23
5.2714e-07 1.8445e-23
5.2979e-07 1.6664e-23
5.3246e-07 1.4386e-23
5.3514e-07 1.1827e-23
5.3783e-07 1.0718e-23
5.4054e-07 1.1786e-23
5.4326e-07 1.3171e-23
5.46e-07 1.329e-23
5.4875e-07 1.2276e-23
5.5151e-07 1.0715e-23
5.5428e-07 8.8921e-24
5.5707e-07 7.1962e-24
5.5988e-07 7.0522e-24
5.627e-07 8.4336e-24
5.6553e-07 8.8527e-24
5.6838e-07 8.5561e-24
5.7124e-07 8.136e-24
5.7411e-07 6.3494e-24
5.77e-07 4.8214e-24
5.7991e-07 4.5922e-24
5.8283e-07 4.6669e-24
5.8576e-07 4.9732e-24
5.8871e-07 5.5871e-24
5.9167e-07 5.8021e-24
5.9465e-07 4.8139e-24
5.9764e-07 3.978e-24
6.0065e-07 3.6632e-24
6.0368e-07 2.7567e-24
6.0671e-07 2.1488e-24
6.0977e-07 2.6768e-24
6.1284e-07 3.4783e-24
6.1592e-07 3.4853e-24
6.1902e-07 2.9694e-24
6.2214e-07 2.5098e-24
6.2527e-07 2.0198e-24
6.2842e-07 1.5517e-24
6.3158e-07 1.3609e-24
6.3476e-07 1.4164e-24
6.3796e-07 1.5496e-24
6.4117e-07 1.7352e-24
6.444e-07 1.9033e-24
6.4764e-07 1.8196e-24
6.509e-07 1.4146e-24
6.5418e-07 1.0254e-24
6.5747e-07 7.82e-25
6.6078e-07 5.8837e-25
6.6411e-07 4.2498e-25
6.6745e-07 2.1251e-25
6.7081e-07 4.7275e-26
6.7419e-07 -0
6.7758e-07 -0
6.8099e-07 -0
6.8442e-07 -0
6.8786e-07 -0
6.9133e-07 -0
6.9481e-07 -0
6.983e-07 -0
7.0182e-07 -0
7.0535e-07 -0
7.089e-07 -0
7.1247e-07 -0
7.1606e-07 -0
7.1966e-07 -0
7.2328e-07 -0
7.2693e-07 -0
7.3058e-07 -0
7.3426e-07 -0
7.3796e-07 -0
7.4167e-07 -0
7.4541e-07 -0
7.4916e-07 -0
7.5293e-07 -0
7.5672e-07 -0
7.6053e-07 -0
7.6436e-07 -0
7.6821e-07 -0
7.7207e-07 -0
7.7596e-07 -0
7.7986e-07 -0
7.8379e-07 -0
7.8774e-07 -0
7.917e-07 -0
7.9569e-07 -0
7.9969e-07 -0
8.0372e-07 -0
8.0776e-07 -0
8.1183e-07 -0
8.1592e-07 -0
8.2002e-07 -0
8.2415e-07 -0
8.283e-07 -0
8.3247e-07 -0
8.3666e-07 -0
8.4087e-07 -0
8.451e-07 -0
8.4936e-07 -0
8.5363e-07 -0
8.5793e-07 -0
8.6225e-07 -0
8.6659e-07 -0
8.7095e-07 -0
8.7534e-07 -0
8.7974e-07 -0
8.8417e-07 -0
8.8862e-07 -0
8.931e-07 -0
8.9759e-07 -0
9.0211e-07 -0
9.0665e-07 -0
9.1121e-07 -0
9.158e-07 -0
9.2041e-07 -0
9.2505e-07 -0
9.297e-07 -0
9.3438e-07 -0
9.3909e-07 -0
9.4381e-07 -0
9.4856e-07 -0
9.5334e-07 -0
9.5814e-07 -0
9.6296e-07 -0
9.6781e-07 -0
9.7268e-07 -0
9.7758e-07 -0
9.825e-07 -0
9.8744e-07 -0
9.9241e-07 -0
9.9741e-07 -0
1.0024e-06 -0
1.0075e-06 -0
1.0125e-06 -0
1.0176e-06 -0
1.0228e-06 -0
1.0279e-06 -0
1.0331e-06 -0
1.0383e-06 -0
1.0435e-06 -0
1.0488e-06 -0
1.054e-06 -0
1.0594e-06 -0
1.0647e-06 -0
1.07e-06 -0
1.0754e-06 -0
1.0808e-06 -0
1.0863e-06 -0
1.0918e-06 -0
1.0973e-06 -0
1.1028e-06 -0
1.1083e-06 -0
1.1139e-06 -0
1.1195e-06 -0
1.1251e-06 -0
1.1308e-06 -0
1.1365e-06 -0
1.1422e-06 -0
1.148e-06 -0
1.1538e-06 -0
1.1596e-06 -0
1.1654e-06 -0
1.1713e-06 -0
1.1772e-06 -0
1.1831e-06 -0
1.189e-06 -0
1.195e-06 -0
1.201e-06 -0
1.2071e-06 -0
1.2132e-06 -0
1.2193e-06 -0
1.2254e-06 -1.0688e-35
1.2316e-06 -2.6719e-36
1.2378e-06 9.3516e-35
1.244e-06 2.7921e-34
1.2503e-06 1.5612e-32
1.2566e-06 8.5808e-30
1.2629e-06 2.9547e-29
1.2692e-06 3.3092e-29
1.2756e-06 1.8306e-29
1.2821e-06 7.3609e-30
1.2885e-06 4.8497e-30
1.295e-06 4.8659e-30
1.3015e-06 1.5354e-30
1.3081e-06 9.0048e-31
1.3147e-06 1.0229e-30
1.3213e-06 2.2475e-30
1.3279e-06 2.286e-30
1.3346e-06 2.9523e-30
1.3413e-06 4.2004e-30
1.3481e-06 1.3864e-30
1.3549e-06 5.9017e-31
1.3617e-06 4.8364e-31
1.3685e-06 3.3505e-32
1.3754e-06 3.4339e-32
1.3824e-06 1.0814e-32
1.3893e-06 1.5403e-33
1.3963e-06 -7.2141e-35
1.4033e-06 1.6165e-34
1.4104e-06 -9.1111e-34
1.4175e-06 2.4702e-33
1.4246e-06 -9.3783e-34
1.4318e-06 -1.042e-33
1.439e-06 1.4806e-32
1.4463e-06 3.7637e-32
1.4535e-06 6.5736e-32
1.4609e-06 2.4474e-32
1.4682e-06 1.2511e-32
1.4756e-06 2.095e-32
1.483e-06 7.4758e-29
1.4905e-06 4.4647e-28
1.498e-06 6.3501e-28
1.5055e-06 3.8724e-28
1.5131e-06 9.0328e-29
1.5207e-06 1.3085e-29
1.5284e-06 4.7294e-31
1.5361e-06 5.1559e-32
1.5438e-06 1.5028e-31
1.5516e-06 8.1019e-31
1.5594e-06 4.0111e-30
1.5672e-06 8.0893e-30
1.5751e-06 1.3667e-29
1.5831e-06 1.2759e-29
1.591e-06 1.1461e-29
1.599e-06 9.6787e-30
1.6071e-06 2.6556e-29
1.6152e-06 6.5995e-29
1.6233e-06 7.9156e-29
1.6315e-06 4.1772e-29
1.6397e-06 1.3493e-29
1.6479e-06 2.6869e-30
1.6562e-06 1.3277e-27
1.6646e-06 5.1535e-27
1.673e-06 8.4387e-27
1.6814e-06 7.284e-27
1.6898e-06 2.7273e-27
1.6983e-06 6.0388e-28
1.7069e-06 6.8281e-29
1.7155e-06 8.8903e-30
1.7241e-06 8.3749e-31
1.7328e-06 6.5954e-32
1.7415e-06 1.7072e-32
1.7503e-06 3.4828e-33
1.7591e-06 6.6931e-34
1.768e-06 -1.3627e-34
1.7769e-06 3.5937e-34
1.7858e-06 -4.5422e-34
1.7948e-06 -6.4125e-35
1.8038e-06 -0
1.8129e-06 -0
1.822e-06 -0
1.8312e-06 -0
1.8404e-06 -0
1.8497e-06 -0
1.859e-06 -0
1.8684e-06 -0
1.8778e-06 -0
1.8872e-06 -0
1.8967e-06 -0
1.9063e-06 -0
1.9159e-06 -0
1.9255e-06 -0
1.9352e-06 -0
1.9449e-06 -0
1.9547e-06 -0
1.9646e-06 -0
1.9745e-06 -0
1.9844e-06 -0
1.9944e-06 2.2577e-34
2.0044e-06 1.5035e-32
2.0145e-06 1.5677e-31
2.0247e-06 3.1828e-31
2.0348e-06 4.6368e-31
2.0451e-06 6.5145e-31
2.0554e-06 1.0264e-30
2.0657e-06 2.0467e-30
2.0761e-06 2.8665e-27
2.0866e-06 1.8077e-26
2.0971e-06 9.608e-26
2.1076e-06 9.9821e-26
2.1182e-06 8.1103e-26
2.1289e-06 2.6641e-26
2.1396e-06 8.7484e-27
2.1504e-06 1.3721e-27
2.1612e-06 1.6255e-28
2.1721e-06 2.0003e-29
2.183e-06 7.3721e-31
2.194e-06 4.9757e-31
2.2051e-06 2.7161e-31
2.2162e-06 8.5847e-29
2.2273e-06 1.5368e-28
2.2385e-06 2.4317e-28
2.2498e-06 1.7011e-28
2.2611e-06 2.0142e-28
2.2725e-06 4.6781e-29
2.284e-06 1.1457e-29
2.2955e-06 1.3234e-30
2.307e-06 2.0721e-30
2.3186e-06 3.5111e-30
2.3303e-06 5.8288e-30
2.342e-06 9.055e-30
2.3538e-06 1.8779e-29
2.3657e-06 6.1894e-26
2.3776e-06 2.0172e-25
2.3895e-06 3.4226e-25
2.4016e-06 3.6693e-25
2.4137e-06 1.7023e-25
2.4258e-06 5.6841e-26
2.438e-06 1.0156e-26
2.4503e-06 2.1374e-27
2.4626e-06 2.3495e-28
2.475e-06 2.3408e-29
2.4875e-06 3.7837e-30
2.5e-06 2.0536e-30
