2.8e-07 5.8171e-24
2.8141e-07 6.8405e-24
2.8283e-07 7.478e-24
2.8425e-07 7.9452e-24
2.8568e-07 7.891e-24
2.8712e-07 8.6322e-24
2.8856e-07 9.4655e-24
2.9002e-07 1.0625e-23
2.9148e-07 1.0357e-23
2.9294e-07 1.0787e-23
2.9442e-07 1.1553e-23
2.959e-07 1.3238e-23
2.9739e-07 1.3667e-23
2.9889e-07 1.3603e-23
3.0039e-07 1.4421e-23
3.019e-07 1.584e-23
3.0342e-07 1.6715e-23
3.0495e-07 1.7225e-23
3.0649e-07 1.7792e-23
3.0803e-07 1.8743e-23
3.0958e-07 2.0065e-23
3.1114e-07 2.1218e-23
3.127e-07 2.2056e-23
3.1428e-07 2.2767e-23
3.1586e-07 2.394e-23
3.1745e-07 2.5368e-23
3.1905e-07 2.6482e-23
3.2065e-07 2.7438e-23
3.2227e-07 2.8406e-23
3.2389e-07 2.9827e-23
3.2552e-07 3.1341e-23
3.2716e-07 3.2357e-23
3.2881e-07 3.32e-23
3.3046e-07 3.4389e-23
3.3213e-07 3.5962e-23
3.338e-07 3.7219e-23
3.3548e-07 3.7821e-23
3.3717e-07 3.921e-23
3.3886e-07 4.1651e-23
3.4057e-07 4.2763e-23
3.4228e-07 4.2326e-23
3.4401e-07 4.2793e-23
3.4574e-07 4.5244e-23
3.4748e-07 4.738e-23
3.4923e-07 4.7466e-23
3.5099e-07 4.6605e-23
3.5275e-07 4.7703e-23
3.5453e-07 5.0287e-23
3.5631e-07 5.1628e-23
3.5811e-07 5.1323e-23
3.5991e-07 5.102e-23
3.6172e-07 5.1954e-23
3.6354e-07 5.4125e-23
3.6537e-07 5.5933e-23
3.6721e-07 5.5844e-23
3.6906e-07 5.5306e-23
3.7092e-07 5.628e-23
3.7278e-07 5.7614e-23
3.7466e-07 5.871e-23
3.7655e-07 5.8933e-23
3.7844e-07 5.8872e-23
3.8035e-07 5.996e-23
3.8226e-07 6.0604e-23
3.8419e-07 6.0502e-23
3.8612e-07 6.0927e-23
3.8806e-07 6.1695e-23
3.9002e-07 6.2849e-23
3.9198e-07 6.2657e-23
3.9395e-07 6.1351e-23
3.9594e-07 6.2267e-23
3.9793e-07 6.4483e-23
3.9993e-07 6.4573e-23
4.0195e-07 6.2489e-23
4.0397e-07 6.0352e-23
4.06e-07 6.0013e-23
4.0805e-07 6.1813e-23
4.101e-07 6.3018e-23
4.1217e-07 6.2453e-23
4.1424e-07 6.0226e-23
4.1633e-07 5.7245e-23
4.1842e-07 5.8068e-23
4.2053e-07 6.0977e-23
4.2264e-07 6.155e-23
4.2477e-07 5.9104e-23
4.2691e-07 5.5615e-23
4.2906e-07 5.4417e-23
4.3122e-07 5.5006e-23
4.3339e-07 5.677e-23
4.3557e-07 5.679e-23
4.3776e-07 5.4205e-23
4.3997e-07 5.0966e-23
4.4218e-07 4.8889e-23
4.4441e-07 5.1238e-23
4.4664e-07 5.3505e-23
4.4889e-07 5.1626e-23
4.5115e-07 4.7644e-23
4.5342e-07 4.4539e-23
4.5571e-07 4.4017e-23
4.58e-07 4.5058e-23
4.6031e-07 4.6103e-23
4.6262e-07 4.5212e-23
4.6495e-07 4.2068e-23
4.6729e-07 3.8614e-23
4.6964e-07 3.6109e-23
4.7201e-07 3.769e-23
4.7438e-07 4.0147e-23
4.7677e-07 3.8136e-23
4.7917e-07 3.5638e-23
4.8158e-07 3.2672e-23
4.8401e-07 2.8937e-23
4.8645e-07 3.0345e-23
4.8889e-07 3.264e-23
4.9136e-07 3.075e-23
4.9383e-07 3.0014e-23
4.9631e-07 2.7929e-23
4.9881e-07 2.257e-23
5.0132e-07 2.1977e-23
5.0385e-07 2.4804e-23
5.0638e-07 2.5038e-23
5.0893e-07 2.4474e-23
5.1149e-07 2.3124e-23
5.1407e-07 1.9411e-23
5.1666e-07 1.6869e-23
5.1926e-07 1.6811e-23
5.2187e-07 1.7136e-23
5.245e-07 1.8336e-23
5.2714e-07 1.8476e-23
5.2979e-07 1.6662e-23
5.3246e-07 1.4384e-23
5.3514e-07 1.1825e-23
5.3783e-07 1.0719e-23
5.4054e-07 1.1792e-23
5.4326e-07 1.3182e-23
5.46e-07 1.3297e-23
5.4875e-07 1.2279e-23
5.5151e-07 1.0715e-23
5.5428e-07 8.8911e-24
5.5707e-07 7.1954e-24
5.5988e-07 7.0513e-24
5.627e-07 8.4325e-24
5.6553e-07 8.8541e-24
5.6838e-07 8.5606e-24
5.7124e-07 8.1415e-24
5.7411e-07 6.3527e-24
5.77e-07 4.8231e-24
5.7991e-07 4.5929e-24
5.8283e-07 4.6678e-24
5.8576e-07 4.978e-24
5.8871e-07 5.5989e-24
5.9167e-07 5.8205e-24
5.9465e-07 4.8233e-24
5.9764e-07 3.9856e-24
6.0065e-07 3.6667e-24
6.0368e-07 2.7569e-24
6.0671e-07 2.1484e-24
6.0977e-07 2.6767e-24
6.1284e-07 3.4781e-24
6.1592e-07 3.4852e-24
6.1902e-07 2.9692e-24
6.2214e-07 2.5101e-24
6.2527e-07 2.0218e-24
6.2842e-07 1.5549e-24
6.3158e-07 1.3622e-24
6.3476e-07 1.4175e-24
6.3796e-07 1.5506e-24
6.4117e-07 1.7365e-24
6.444e-07 1.9068e-24
6.4764e-07 1.8244e-24
6.509e-07 1.419e-24
6.5418e-07 1.0285e-24
6.5747e-07 7.8374e-25
6.6078e-07 5.8914e-25
6.6411e-07 4.2521e-25
6.6745e-07 2.1253e-25
6.7081e-07 4.7268e-26
6.7419e-07 -0
6.7758e-07 -0
6.8099e-07 -0
6.8442e-07 -0
6.8786e-07 -0
6.9133e-07 -0
6.9481e-07 -0
6.983e-07 -0
7.0182e-07 -0
7.0535e-07 -0
7.089e-07 -0
7.1247e-07 -0
7.1606e-07 -0
7.1966e-07 -0
7.2328e-07 -0
7.2693e-07 -0
7.3058e-07 -0
7.3426e-07 -0
7.3796e-07 -0
7.4167e-07 -0
7.4541e-07 -0
7.4916e-07 -0
7.5293e-07 -0
7.5672e-07 -0
7.6053e-07 -0
7.6436e-07 -0
7.6821e-07 -0
7.7207e-07 -0
7.7596e-07 -0
7.7986e-07 -0
7.8379e-07 -0
7.8774e-07 -0
7.917e-07 -0
7.9569e-07 -0
7.9969e-07 -0
8.0372e-07 -0
8.0776e-07 -0
8.1183e-07 -0
8.1592e-07 -0
8.2002e-07 -0
8.2415e-07 -0
8.283e-07 -0
8.3247e-07 -0
8.3666e-07 -0
8.4087e-07 -0
8.451e-07 -0
8.4936e-07 -0
8.5363e-07 -0
8.5793e-07 -0
8.6225e-07 -0
8.6659e-07 -0
8.7095e-07 -0
8.7534e-07 -0
8.7974e-07 -0
8.8417e-07 -0
8.8862e-07 -0
8.931e-07 -0
8.9759e-07 -0
9.0211e-07 -0
9.0665e-07 -0
9.1121e-07 -0
9.158e-07 -0
9.2041e-07 -0
9.2505e-07 -0
9.297e-07 -0
9.3438e-07 -0
9.3909e-07 -0
9.4381e-07 -0
9.4856e-07 -0
9.5334e-07 -0
9.5814e-07 -0
9.6296e-07 -0
9.6781e-07 -0
9.7268e-07 -0
9.7758e-07 -0
9.825e-07 -0
9.8744e-07 -0
9.9241e-07 -0
9.9741e-07 -0
1.0024e-06 -0
1.0075e-06 -0
1.0125e-06 -0
1.0176e-06 -0
1.0228e-06 -0
1.0279e-06 -0
1.0331e-06 -0
1.0383e-06 -0
1.0435e-06 -0
1.0488e-06 -0
1.054e-06 -0
1.0594e-06 -0
1.0647e-06 -0
1.07e-06 -0
1.0754e-06 -0
1.0808e-06 -0
1.0863e-06 -0
1.0918e-06 -0
1.0973e-06 -0
1.1028e-06 -0
1.1083e-06 -0
1.1139e-06 -0
1.1195e-06 -0
1.1251e-06 -0
1.1308e-06 -0
1.1365e-06 -0
1.1422e-06 -0
1.148e-06 -0
1.1538e-06 -0
1.1596e-06 -0
1.1654e-06 -0
1.1713e-06 -0
1.1772e-06 -0
1.1831e-06 -0
1.189e-06 -0
1.195e-06 -0
1.201e-06 -0
1.2071e-06 -0
1.2132e-06 -0
1.2193e-06 1.3359e-36
1.2254e-06 -1.6031e-35
1.2316e-06 1.6699e-34
1.2378e-06 1.5096e-34
1.244e-06 2.0493e-33
1.2503e-06 2.2227e-32
1.2566e-06 1.2012e-29
1.2629e-06 4.0841e-29
1.2692e-06 4.6546e-29
1.2756e-06 2.5391e-29
1.2821e-06 1.043e-29
1.2885e-06 6.9876e-30
1.295e-06 6.9633e-30
1.3015e-06 2.4526e-30
1.3081e-06 1.2571e-30
1.3147e-06 1.3552e-30
1.3213e-06 3.069e-30
1.3279e-06 4.3538e-30
1.3346e-06 5.827e-30
1.3413e-06 4.1988e-30
1.3481e-06 2.5318e-30
1.3549e-06 3.3882e-30
1.3617e-06 6.5175e-31
1.3685e-06 3.1702e-33
1.3754e-06 5.7885e-32
1.3824e-06 2.7881e-33
1.3893e-06 -1.3092e-33
1.3963e-06 3.7941e-34
1.4033e-06 -4.088e-34
1.4104e-06 -1.3493e-33
1.4175e-06 2.0039e-34
1.4246e-06 1.0086e-33
1.4318e-06 3.2063e-35
1.439e-06 1.603e-32
1.4463e-06 5.6182e-32
1.4535e-06 8.3074e-32
1.4609e-06 3.5185e-32
1.4682e-06 1.7904e-32
1.4756e-06 3.385e-32
1.483e-06 1.1927e-28
1.4905e-06 6.4718e-28
1.498e-06 9.1502e-28
1.5055e-06 5.4044e-28
1.5131e-06 1.2571e-28
1.5207e-06 1.8073e-29
1.5284e-06 6.472e-31
1.5361e-06 7.0361e-32
1.5438e-06 2.1811e-31
1.5516e-06 1.1476e-30
1.5594e-06 5.7083e-30
1.5672e-06 1.1429e-29
1.5751e-06 1.9222e-29
1.5831e-06 1.7921e-29
1.591e-06 1.6279e-29
1.599e-06 1.0717e-29
1.6071e-06 3.7635e-29
1.6152e-06 9.3344e-29
1.6233e-06 1.1314e-28
1.6315e-06 6.009e-29
1.6397e-06 1.9216e-29
1.6479e-06 3.8695e-30
1.6562e-06 1.9013e-27
1.6646e-06 7.4167e-27
1.673e-06 1.2115e-26
1.6814e-06 1.0379e-26
1.6898e-06 3.8367e-27
1.6983e-06 8.4906e-28
1.7069e-06 9.6236e-29
1.7155e-06 1.2594e-29
1.7241e-06 1.1979e-30
1.7328e-06 9.9184e-32
1.7415e-06 2.2154e-32
1.7503e-06 5.5054e-33
1.7591e-06 1.018e-33
1.768e-06 3.4334e-34
1.7769e-06 -5.7445e-34
1.7858e-06 4.6758e-35
1.7948e-06 -3.2063e-35
1.8038e-06 -0
1.8129e-06 -0
1.822e-06 -0
1.8312e-06 -0
1.8404e-06 -0
1.8497e-06 -0
1.859e-06 -0
1.8684e-06 -0
1.8778e-06 -0
1.8872e-06 -0
1.8967e-06 -0
1.9063e-06 -0
1.9159e-06 -0
1.9255e-06 -0
1.9352e-06 -0
1.9449e-06 -0
1.9547e-06 -0
1.9646e-06 -0
1.9745e-06 -0
1.9844e-06 -0
1.9944e-06 1.857e-34
2.0044e-06 1.756e-32
2.0145e-06 2.69e-31
2.0247e-06 5.126e-31
2.0348e-06 7.154e-31
2.0451e-06 9.8584e-31
2.0554e-06 1.5603e-30
2.0657e-06 3.2073e-30
2.0761e-06 4.2783e-27
2.0866e-06 2.6968e-26
2.0971e-06 1.3794e-25
2.1076e-06 1.4361e-25
2.1182e-06 1.162e-25
2.1289e-06 3.8276e-26
2.1396e-06 1.2448e-26
2.1504e-06 1.976e-27
2.1612e-06 2.3294e-28
2.1721e-06 2.8605e-29
2.183e-06 1.129e-30
2.194e-06 7.6156e-31
2.2051e-06 4.154e-31
2.2162e-06 2.6027e-29
2.2273e-06 2.1965e-28
2.2385e-06 3.4223e-28
2.2498e-06 2.4212e-28
2.2611e-06 2.8243e-28
2.2725e-06 6.7758e-29
2.284e-06 1.6679e-29
2.2955e-06 2.0264e-30
2.307e-06 3.1669e-30
2.3186e-06 5.3611e-30
2.3303e-06 8.9015e-30
2.342e-06 1.3804e-29
2.3538e-06 2.854e-29
2.3657e-06 8.3714e-26
2.3776e-06 2.7988e-25
2.3895e-06 4.8729e-25
2.4016e-06 5.1722e-25
2.4137e-06 2.4876e-25
2.4258e-06 7.8362e-26
2.438e-06 2.1464e-26
2.4503e-06 3.925e-27
2.4626e-06 5.7195e-28
2.475e-06 1.7315e-28
2.4875e-06 6.1011e-30
2.5e-06 3.0359e-30
