2.8e-07 1.2131e-31
2.8141e-07 1.441e-32
2.8283e-07 1.7732e-33
2.8425e-07 1.2317e-31
2.8568e-07 5.0249e-32
2.8712e-07 1.0066e-32
2.8856e-07 9.7687e-34
2.9002e-07 7.8232e-33
2.9148e-07 2.5045e-32
2.9294e-07 6.9525e-33
2.9442e-07 8.3631e-34
2.959e-07 6.3737e-36
2.9739e-07 1.1929e-39
2.9889e-07 -0
3.0039e-07 -0
3.019e-07 -0
3.0342e-07 -0
3.0495e-07 -0
3.0649e-07 -0
3.0803e-07 -0
3.0958e-07 -0
3.1114e-07 -0
3.127e-07 -0
3.1428e-07 -0
3.1586e-07 -0
3.1745e-07 -0
3.1905e-07 -0
3.2065e-07 -0
3.2227e-07 -0
3.2389e-07 -0
3.2552e-07 -0
3.2716e-07 -0
3.2881e-07 -0
3.3046e-07 -0
3.3213e-07 -0
3.338e-07 -0
3.3548e-07 -0
3.3717e-07 -0
3.3886e-07 -0
3.4057e-07 -0
3.4228e-07 -0
3.4401e-07 -0
3.4574e-07 -0
3.4748e-07 -0
3.4923e-07 -0
3.5099e-07 -0
3.5275e-07 -0
3.5453e-07 -0
3.5631e-07 -0
3.5811e-07 -0
3.5991e-07 -0
3.6172e-07 -0
3.6354e-07 -0
3.6537e-07 -0
3.6721e-07 -0
3.6906e-07 -0
3.7092e-07 -0
3.7278e-07 -0
3.7466e-07 -0
3.7655e-07 -0
3.7844e-07 -0
3.8035e-07 -0
3.8226e-07 -0
3.8419e-07 -0
3.8612e-07 -0
3.8806e-07 -0
3.9002e-07 -0
3.9198e-07 -0
3.9395e-07 -0
3.9594e-07 -0
3.9793e-07 -0
3.9993e-07 -0
4.0195e-07 -0
4.0397e-07 -0
4.06e-07 -0
4.0805e-07 -0
4.101e-07 -0
4.1217e-07 -0
4.1424e-07 -0
4.1633e-07 -0
4.1842e-07 -0
4.2053e-07 -0
4.2264e-07 -0
4.2477e-07 -0
4.2691e-07 -0
4.2906e-07 -0
4.3122e-07 -0
4.3339e-07 -0
4.3557e-07 -0
4.3776e-07 -0
4.3997e-07 -0
4.4218e-07 -0
4.4441e-07 -0
4.4664e-07 -0
4.4889e-07 -0
4.5115e-07 -0
4.5342e-07 -0
4.5571e-07 -0
4.58e-07 -0
4.6031e-07 -0
4.6262e-07 -0
4.6495e-07 -0
4.6729e-07 -0
4.6964e-07 -0
4.7201e-07 -0
4.7438e-07 -0
4.7677e-07 -0
4.7917e-07 -0
4.8158e-07 -0
4.8401e-07 -0
4.8645e-07 -0
4.8889e-07 -0
4.9136e-07 -0
4.9383e-07 -0
4.9631e-07 -0
4.9881e-07 -0
5.0132e-07 -0
5.0385e-07 -0
5.0638e-07 -0
5.0893e-07 -0
5.1149e-07 -0
5.1407e-07 -0
5.1666e-07 -0
5.1926e-07 -0
5.2187e-07 -0
5.245e-07 -0
5.2714e-07 -0
5.2979e-07 -0
5.3246e-07 -0
5.3514e-07 -0
5.3783e-07 -0
5.4054e-07 -0
5.4326e-07 -0
5.46e-07 -0
5.4875e-07 -0
5.5151e-07 -0
5.5428e-07 -0
5.5707e-07 -0
5.5988e-07 -0
5.627e-07 -0
5.6553e-07 -0
5.6838e-07 9.1347e-39
5.7124e-07 1.4193e-37
5.7411e-07 8.4916e-34
5.77e-07 4.6432e-33
5.7991e-07 8.7184e-33
5.8283e-07 5.4148e-33
5.8576e-07 1.0607e-33
5.8871e-07 3.3053e-35
5.9167e-07 1.9482e-38
5.9465e-07 4.9849e-40
5.9764e-07 7.927e-43
6.0065e-07 -0
6.0368e-07 -0
6.0671e-07 -0
6.0977e-07 -0
6.1284e-07 -0
6.1592e-07 4.4496e-37
6.1902e-07 6.1297e-36
6.2214e-07 9.8308e-33
6.2527e-07 1.1529e-31
6.2842e-07 2.4203e-31
6.3158e-07 1.8517e-31
6.3476e-07 4.3026e-32
6.3796e-07 2.5162e-33
6.4117e-07 4.5012e-35
6.444e-07 1.2361e-37
6.4764e-07 1.9667e-39
6.509e-07 7.6311e-42
6.5418e-07 -0
6.5747e-07 -0
6.6078e-07 -0
6.6411e-07 -0
6.6745e-07 -0
6.7081e-07 -0
6.7419e-07 2.4521e-35
6.7758e-07 2.1409e-34
6.8099e-07 7.2728e-32
6.8442e-07 7.9574e-31
6.8786e-07 1.8403e-30
6.9133e-07 1.4727e-30
6.9481e-07 5.3426e-31
6.983e-07 6.8408e-32
7.0182e-07 7.0286e-33
7.0535e-07 4.3488e-34
7.089e-07 8.4504e-37
7.1247e-07 3.4848e-38
7.1606e-07 1.307e-39
7.1966e-07 -0
7.2328e-07 -0
7.2693e-07 -0
7.3058e-07 -0
7.3426e-07 3.2073e-42
7.3796e-07 1.2398e-40
7.4167e-07 7.3911e-37
7.4541e-07 4.5737e-34
7.4916e-07 3.2733e-33
7.5293e-07 1.1049e-31
7.5672e-07 2.4324e-30
7.6053e-07 7.2548e-30
7.6436e-07 7.3402e-30
7.6821e-07 2.984e-30
7.7207e-07 5.7803e-31
7.7596e-07 6.6729e-32
7.7986e-07 7.5509e-33
7.8379e-07 5.6354e-35
7.8774e-07 7.2898e-37
7.917e-07 4.5106e-38
7.9569e-07 6.2943e-40
7.9969e-07 -0
8.0372e-07 -0
8.0776e-07 -0
8.1183e-07 -0
8.1592e-07 -0
8.2002e-07 -0
8.2415e-07 -0
8.283e-07 -0
8.3247e-07 -0
8.3666e-07 -0
8.4087e-07 1.7063e-39
8.451e-07 3.5847e-38
8.4936e-07 1.8058e-37
8.5363e-07 4.286e-35
8.5793e-07 1.9006e-33
8.6225e-07 5.8334e-33
8.6659e-07 5.9748e-33
8.7095e-07 2.9134e-33
8.7534e-07 4.6798e-34
8.7974e-07 2.5619e-37
8.8417e-07 6.2046e-38
8.8862e-07 7.2788e-39
8.931e-07 7.5e-41
8.9759e-07 -0
9.0211e-07 -0
9.0665e-07 -0
9.1121e-07 -0
9.158e-07 -0
9.2041e-07 -0
9.2505e-07 -0
9.297e-07 -0
9.3438e-07 -0
9.3909e-07 -0
9.4381e-07 -0
9.4856e-07 -0
9.5334e-07 -0
9.5814e-07 -0
9.6296e-07 -0
9.6781e-07 -0
9.7268e-07 -0
9.7758e-07 -0
9.825e-07 -0
9.8744e-07 -0
9.9241e-07 -0
9.9741e-07 -0
1.0024e-06 -0
1.0075e-06 -0
1.0125e-06 -0
1.0176e-06 -0
1.0228e-06 4.9754e-42
1.0279e-06 3.7547e-40
1.0331e-06 4.9025e-39
1.0383e-06 4.8861e-38
1.0435e-06 2.7398e-37
1.0488e-06 7.1429e-35
1.054e-06 5.5616e-34
1.0594e-06 4.4735e-33
1.0647e-06 1.1523e-32
1.07e-06 1.0666e-32
1.0754e-06 4.4786e-33
1.0808e-06 1.0531e-33
1.0863e-06 1.8261e-34
1.0918e-06 2.2931e-35
1.0973e-06 3.5015e-37
1.1028e-06 3.4858e-37
1.1083e-06 2.4821e-39
1.1139e-06 3.5674e-40
1.1195e-06 3.5768e-41
1.1251e-06 2.7233e-42
1.1308e-06 -0
1.1365e-06 -0
1.1422e-06 -0
1.148e-06 -0
1.1538e-06 -0
1.1596e-06 -0
1.1654e-06 -0
1.1713e-06 -0
1.1772e-06 -0
1.1831e-06 2.0091e-44
1.189e-06 1.5178e-42
1.195e-06 1.9812e-41
1.201e-06 2.1138e-40
1.2071e-06 7.5457e-39
1.2132e-06 1.5221e-37
1.2193e-06 1.4143e-36
1.2254e-06 1.2516e-35
1.2316e-06 1.7714e-34
1.2378e-06 6.3448e-33
1.244e-06 2.2442e-32
1.2503e-06 1.1418e-31
1.2566e-06 4.6991e-31
1.2629e-06 1.3843e-30
1.2692e-06 1.6053e-30
1.2756e-06 1.0016e-30
1.2821e-06 3.2737e-31
1.2885e-06 7.306e-32
1.295e-06 1.4506e-32
1.3015e-06 3.7549e-33
1.3081e-06 9.0195e-34
1.3147e-06 1.4488e-34
1.3213e-06 2.0917e-36
1.3279e-06 3.2837e-37
1.3346e-06 3.7567e-38
1.3413e-06 4.109e-39
1.3481e-06 6.7031e-40
1.3549e-06 1.1852e-40
1.3617e-06 1.3368e-41
1.3685e-06 1.0959e-44
1.3754e-06 -0
1.3824e-06 -0
1.3893e-06 -0
1.3963e-06 -0
1.4033e-06 -0
1.4104e-06 -0
1.4175e-06 -0
1.4246e-06 -0
1.4318e-06 -0
1.439e-06 -0
1.4463e-06 -0
1.4535e-06 -0
1.4609e-06 -0
1.4682e-06 -0
1.4756e-06 -0
1.483e-06 -0
1.4905e-06 -4.0183e-44
1.498e-06 1.8192e-42
1.5055e-06 1.5538e-41
1.5131e-06 6.2914e-41
1.5207e-06 2.0959e-40
1.5284e-06 5.7856e-40
1.5361e-06 4.1963e-38
1.5438e-06 1.5912e-37
1.5516e-06 8.8789e-37
1.5594e-06 3.4651e-36
1.5672e-06 1.9404e-35
1.5751e-06 3.1045e-35
1.5831e-06 3.5339e-35
1.591e-06 2.4613e-35
1.599e-06 6.7526e-36
1.6071e-06 1.3668e-36
1.6152e-06 1.0023e-37
1.6233e-06 1.1287e-39
1.6315e-06 5.4384e-40
1.6397e-06 1.9958e-40
1.6479e-06 4.6402e-41
1.6562e-06 9.1197e-42
1.6646e-06 1.2055e-42
1.673e-06 7.4886e-44
1.6814e-06 -0
1.6898e-06 -0
1.6983e-06 -0
1.7069e-06 -0
1.7155e-06 -0
1.7241e-06 -0
1.7328e-06 -0
1.7415e-06 -0
1.7503e-06 -0
1.7591e-06 -0
1.768e-06 -0
1.7769e-06 -0
1.7858e-06 -0
1.7948e-06 -0
1.8038e-06 -0
1.8129e-06 -0
1.822e-06 -0
1.8312e-06 -0
1.8404e-06 -0
1.8497e-06 -0
1.859e-06 -0
1.8684e-06 -0
1.8778e-06 -0
1.8872e-06 -0
1.8967e-06 -0
1.9063e-06 -0
1.9159e-06 -0
1.9255e-06 -0
1.9352e-06 -0
1.9449e-06 -0
1.9547e-06 -0
1.9646e-06 -0
1.9745e-06 -0
1.9844e-06 -0
1.9944e-06 -0
2.0044e-06 -0
2.0145e-06 -0
2.0247e-06 -0
2.0348e-06 -0
2.0451e-06 -0
2.0554e-06 -0
2.0657e-06 -0
2.0761e-06 -0
2.0866e-06 -0
2.0971e-06 -0
2.1076e-06 -0
2.1182e-06 -0
2.1289e-06 -0
2.1396e-06 -0
2.1504e-06 -0
2.1612e-06 -0
2.1721e-06 -0
2.183e-06 -0
2.194e-06 -0
2.2051e-06 -0
2.2162e-06 -0
2.2273e-06 -0
2.2385e-06 -0
2.2498e-06 -0
2.2611e-06 -0
2.2725e-06 -0
2.284e-06 -0
2.2955e-06 -0
2.307e-06 -0
2.3186e-06 -0
2.3303e-06 -0
2.342e-06 -0
2.3538e-06 -0
2.3657e-06 -0
2.3776e-06 -0
2.3895e-06 -0
2.4016e-06 -0
2.4137e-06 -0
2.4258e-06 -0
2.438e-06 -0
2.4503e-06 -0
2.4626e-06 -0
2.475e-06 -0
2.4875e-06 -0
2.5e-06 -0
