2.8e-07 1.3883e-31
2.8141e-07 1.0258e-32
2.8283e-07 2.0315e-33
2.8425e-07 1.5827e-31
2.8568e-07 4.9126e-32
2.8712e-07 1.1094e-32
2.8856e-07 3.4099e-34
2.9002e-07 4.6712e-33
2.9148e-07 2.7895e-32
2.9294e-07 7.1143e-33
2.9442e-07 6.8739e-34
2.959e-07 5.7094e-36
2.9739e-07 1.1914e-39
2.9889e-07 -0
3.0039e-07 -0
3.019e-07 -0
3.0342e-07 -0
3.0495e-07 -0
3.0649e-07 -0
3.0803e-07 -0
3.0958e-07 -0
3.1114e-07 -0
3.127e-07 -0
3.1428e-07 -0
3.1586e-07 -0
3.1745e-07 -0
3.1905e-07 -0
3.2065e-07 -0
3.2227e-07 -0
3.2389e-07 -0
3.2552e-07 -0
3.2716e-07 -0
3.2881e-07 -0
3.3046e-07 -0
3.3213e-07 -0
3.338e-07 -0
3.3548e-07 -0
3.3717e-07 -0
3.3886e-07 -0
3.4057e-07 -0
3.4228e-07 -0
3.4401e-07 -0
3.4574e-07 -0
3.4748e-07 -0
3.4923e-07 -0
3.5099e-07 -0
3.5275e-07 -0
3.5453e-07 -0
3.5631e-07 -0
3.5811e-07 -0
3.5991e-07 -0
3.6172e-07 -0
3.6354e-07 -0
3.6537e-07 -0
3.6721e-07 -0
3.6906e-07 -0
3.7092e-07 -0
3.7278e-07 -0
3.7466e-07 -0
3.7655e-07 -0
3.7844e-07 -0
3.8035e-07 -0
3.8226e-07 -0
3.8419e-07 -0
3.8612e-07 -0
3.8806e-07 -0
3.9002e-07 -0
3.9198e-07 -0
3.9395e-07 -0
3.9594e-07 -0
3.9793e-07 -0
3.9993e-07 -0
4.0195e-07 -0
4.0397e-07 -0
4.06e-07 -0
4.0805e-07 -0
4.101e-07 -0
4.1217e-07 -0
4.1424e-07 -0
4.1633e-07 -0
4.1842e-07 -0
4.2053e-07 -0
4.2264e-07 -0
4.2477e-07 -0
4.2691e-07 -0
4.2906e-07 -0
4.3122e-07 -0
4.3339e-07 -0
4.3557e-07 -0
4.3776e-07 -0
4.3997e-07 -0
4.4218e-07 -0
4.4441e-07 -0
4.4664e-07 -0
4.4889e-07 -0
4.5115e-07 -0
4.5342e-07 -0
4.5571e-07 -0
4.58e-07 -0
4.6031e-07 -0
4.6262e-07 -0
4.6495e-07 -0
4.6729e-07 -0
4.6964e-07 -0
4.7201e-07 -0
4.7438e-07 -0
4.7677e-07 -0
4.7917e-07 -0
4.8158e-07 -0
4.8401e-07 -0
4.8645e-07 -0
4.8889e-07 -0
4.9136e-07 -0
4.9383e-07 -0
4.9631e-07 -0
4.9881e-07 -0
5.0132e-07 -0
5.0385e-07 -0
5.0638e-07 -0
5.0893e-07 -0
5.1149e-07 -0
5.1407e-07 -0
5.1666e-07 -0
5.1926e-07 -0
5.2187e-07 -0
5.245e-07 -0
5.2714e-07 -0
5.2979e-07 -0
5.3246e-07 -0
5.3514e-07 -0
5.3783e-07 -0
5.4054e-07 -0
5.4326e-07 -0
5.46e-07 -0
5.4875e-07 -0
5.5151e-07 -0
5.5428e-07 -0
5.5707e-07 -0
5.5988e-07 -0
5.627e-07 -0
5.6553e-07 -0
5.6838e-07 1.4252e-38
5.7124e-07 2.2153e-37
5.7411e-07 1.0841e-33
5.77e-07 6.1023e-33
5.7991e-07 1.129e-32
5.8283e-07 7.03e-33
5.8576e-07 1.3884e-33
5.8871e-07 3.4286e-35
5.9167e-07 3.0821e-38
5.9465e-07 7.9558e-40
5.9764e-07 1.1721e-42
6.0065e-07 -0
6.0368e-07 -0
6.0671e-07 -0
6.0977e-07 -0
6.1284e-07 -0
6.1592e-07 6.9942e-37
6.1902e-07 9.6374e-36
6.2214e-07 1.1329e-32
6.2527e-07 1.5126e-31
6.2842e-07 1.7917e-31
6.3158e-07 2.8133e-31
6.3476e-07 3.7553e-32
6.3796e-07 1.4941e-33
6.4117e-07 1.5704e-35
6.444e-07 1.9345e-37
6.4764e-07 3.0821e-39
6.509e-07 1.2003e-41
6.5418e-07 -0
6.5747e-07 -0
6.6078e-07 -0
6.6411e-07 -0
6.6745e-07 -0
6.7081e-07 -0
6.7419e-07 3.8477e-35
6.7758e-07 3.3554e-34
6.8099e-07 8.0428e-32
6.8442e-07 1.3328e-30
6.8786e-07 2.1717e-30
6.9133e-07 1.7391e-30
6.9481e-07 6.2302e-31
6.983e-07 1.005e-31
7.0182e-07 9.1958e-33
7.0535e-07 5.2172e-34
7.089e-07 7.1588e-37
7.1247e-07 5.7065e-38
7.1606e-07 1.9793e-39
7.1966e-07 -0
7.2328e-07 -0
7.2693e-07 -0
7.3058e-07 -0
7.3426e-07 5.0154e-42
7.3796e-07 1.9908e-40
7.4167e-07 1.161e-36
7.4541e-07 7.2622e-34
7.4916e-07 5.1715e-33
7.5293e-07 1.2551e-31
7.5672e-07 2.584e-30
7.6053e-07 8.1236e-30
7.6436e-07 8.6209e-30
7.6821e-07 3.4481e-30
7.7207e-07 6.9146e-31
7.7596e-07 8.5643e-32
7.7986e-07 9.7001e-33
7.8379e-07 8.7096e-35
7.8774e-07 1.1461e-36
7.917e-07 7.1745e-38
7.9569e-07 1.002e-39
7.9969e-07 -0
8.0372e-07 -0
8.0776e-07 -0
8.1183e-07 -0
8.1592e-07 -0
8.2002e-07 -0
8.2415e-07 -0
8.283e-07 -0
8.3247e-07 -0
8.3666e-07 -0
8.4087e-07 2.759e-39
8.451e-07 5.7235e-38
8.4936e-07 2.8955e-37
8.5363e-07 6.4034e-35
8.5793e-07 2.5773e-33
8.6225e-07 7.7222e-33
8.6659e-07 7.879e-33
8.7095e-07 3.7421e-33
8.7534e-07 6.0168e-34
8.7974e-07 4.1047e-37
8.8417e-07 9.9941e-38
8.8862e-07 1.172e-38
8.931e-07 1.206e-40
8.9759e-07 -0
9.0211e-07 -0
9.0665e-07 -0
9.1121e-07 -0
9.158e-07 -0
9.2041e-07 -0
9.2505e-07 -0
9.297e-07 -0
9.3438e-07 -0
9.3909e-07 -0
9.4381e-07 -0
9.4856e-07 -0
9.5334e-07 -0
9.5814e-07 -0
9.6296e-07 -0
9.6781e-07 -0
9.7268e-07 -0
9.7758e-07 -0
9.825e-07 -0
9.8744e-07 -0
9.9241e-07 -0
9.9741e-07 -0
1.0024e-06 -0
1.0075e-06 -0
1.0125e-06 -0
1.0176e-06 -0
1.0228e-06 8.0548e-42
1.0279e-06 6.0738e-40
1.0331e-06 7.9166e-39
1.0383e-06 7.9757e-38
1.0435e-06 4.4263e-37
1.0488e-06 1.0605e-34
1.054e-06 7.6978e-34
1.0594e-06 6.0827e-33
1.0647e-06 1.5471e-32
1.07e-06 1.466e-32
1.0754e-06 6.2892e-33
1.0808e-06 1.2601e-33
1.0863e-06 2.6046e-34
1.0918e-06 3.4315e-35
1.0973e-06 5.9507e-37
1.1028e-06 6.0826e-37
1.1083e-06 4.1957e-39
1.1139e-06 6.312e-40
1.1195e-06 7.0309e-41
1.1251e-06 4.8707e-42
1.1308e-06 -0
1.1365e-06 -0
1.1422e-06 -0
1.148e-06 -0
1.1538e-06 -0
1.1596e-06 -0
1.1654e-06 -0
1.1713e-06 -0
1.1772e-06 -0
1.1831e-06 4.4384e-44
1.189e-06 2.2784e-42
1.195e-06 3.1056e-41
1.201e-06 3.3907e-40
1.2071e-06 1.1972e-38
1.2132e-06 2.4685e-37
1.2193e-06 2.2942e-36
1.2254e-06 1.9041e-35
1.2316e-06 2.4628e-34
1.2378e-06 7.6125e-33
1.244e-06 2.938e-32
1.2503e-06 1.4575e-31
1.2566e-06 6.0409e-31
1.2629e-06 1.6937e-30
1.2692e-06 1.9659e-30
1.2756e-06 1.2411e-30
1.2821e-06 4.1244e-31
1.2885e-06 9.1139e-32
1.295e-06 2.0158e-32
1.3015e-06 5.2955e-33
1.3081e-06 1.2769e-33
1.3147e-06 2.069e-34
1.3213e-06 3.4837e-36
1.3279e-06 5.5875e-37
1.3346e-06 6.3132e-38
1.3413e-06 6.5096e-39
1.3481e-06 1.2184e-39
1.3549e-06 2.2332e-40
1.3617e-06 2.5353e-41
1.3685e-06 -0
1.3754e-06 -0
1.3824e-06 -0
1.3893e-06 -0
1.3963e-06 -0
1.4033e-06 -0
1.4104e-06 -0
1.4175e-06 -0
1.4246e-06 -0
1.4318e-06 -0
1.439e-06 -0
1.4463e-06 -0
1.4535e-06 -0
1.4609e-06 -0
1.4682e-06 -0
1.4756e-06 -0
1.483e-06 -0
1.4905e-06 -3.2877e-45
1.498e-06 2.9951e-42
1.5055e-06 2.3936e-41
1.5131e-06 1.035e-40
1.5207e-06 3.4054e-40
1.5284e-06 9.3815e-40
1.5361e-06 6.7227e-38
1.5438e-06 2.4766e-37
1.5516e-06 1.3336e-36
1.5594e-06 4.8904e-36
1.5672e-06 2.6092e-35
1.5751e-06 4.3118e-35
1.5831e-06 4.8602e-35
1.591e-06 3.2939e-35
1.599e-06 9.6847e-36
1.6071e-06 1.9934e-36
1.6152e-06 1.4086e-37
1.6233e-06 1.8156e-39
1.6315e-06 8.7884e-40
1.6397e-06 3.2288e-40
1.6479e-06 7.4872e-41
1.6562e-06 1.4492e-41
1.6646e-06 1.994e-42
1.673e-06 5.9178e-44
1.6814e-06 -0
1.6898e-06 -0
1.6983e-06 -0
1.7069e-06 -0
1.7155e-06 -0
1.7241e-06 -0
1.7328e-06 -0
1.7415e-06 -0
1.7503e-06 -0
1.7591e-06 -0
1.768e-06 -0
1.7769e-06 -0
1.7858e-06 -0
1.7948e-06 -0
1.8038e-06 -0
1.8129e-06 -0
1.822e-06 -0
1.8312e-06 -0
1.8404e-06 -0
1.8497e-06 -0
1.859e-06 -0
1.8684e-06 -0
1.8778e-06 -0
1.8872e-06 -0
1.8967e-06 -0
1.9063e-06 -0
1.9159e-06 -0
1.9255e-06 -0
1.9352e-06 -0
1.9449e-06 -0
1.9547e-06 -0
1.9646e-06 -0
1.9745e-06 -0
1.9844e-06 -0
1.9944e-06 -0
2.0044e-06 -0
2.0145e-06 -0
2.0247e-06 -0
2.0348e-06 -0
2.0451e-06 -0
2.0554e-06 -0
2.0657e-06 -0
2.0761e-06 -0
2.0866e-06 -0
2.0971e-06 -0
2.1076e-06 -0
2.1182e-06 -0
2.1289e-06 -0
2.1396e-06 -0
2.1504e-06 -0
2.1612e-06 -0
2.1721e-06 -0
2.183e-06 -0
2.194e-06 -0
2.2051e-06 -0
2.2162e-06 -0
2.2273e-06 -0
2.2385e-06 -0
2.2498e-06 -0
2.2611e-06 -0
2.2725e-06 -0
2.284e-06 -0
2.2955e-06 -0
2.307e-06 -0
2.3186e-06 -0
2.3303e-06 -0
2.342e-06 -0
2.3538e-06 -0
2.3657e-06 -0
2.3776e-06 -0
2.3895e-06 -0
2.4016e-06 -0
2.4137e-06 -0
2.4258e-06 -0
2.438e-06 -0
2.4503e-06 -0
2.4626e-06 -0
2.475e-06 -0
2.4875e-06 -0
2.5e-06 -0
