2.8e-07 3.362e-22
2.8141e-07 2.9927e-22
2.8283e-07 2.6452e-22
2.8425e-07 2.2747e-22
2.8568e-07 1.9211e-22
2.8712e-07 1.6317e-22
2.8856e-07 1.3957e-22
2.9002e-07 1.184e-22
2.9148e-07 1.0016e-22
2.9294e-07 8.4018e-23
2.9442e-07 6.9465e-23
2.959e-07 5.7537e-23
2.9739e-07 4.7456e-23
2.9889e-07 3.8912e-23
3.0039e-07 3.1566e-23
3.019e-07 2.5425e-23
3.0342e-07 2.0899e-23
3.0495e-07 1.7244e-23
3.0649e-07 1.3962e-23
3.0803e-07 1.1334e-23
3.0958e-07 9.0736e-24
3.1114e-07 7.2913e-24
3.127e-07 5.9062e-24
3.1428e-07 4.7378e-24
3.1586e-07 3.7775e-24
3.1745e-07 2.988e-24
3.1905e-07 2.3301e-24
3.2065e-07 1.8669e-24
3.2227e-07 1.484e-24
3.2389e-07 1.1055e-24
3.2552e-07 8.684e-25
3.2716e-07 6.734e-25
3.2881e-07 5.132e-25
3.3046e-07 4.0708e-25
3.3213e-07 3.1807e-25
3.338e-07 2.3698e-25
3.3548e-07 1.7362e-25
3.3717e-07 1.4017e-25
3.3886e-07 1.0655e-25
3.4057e-07 7.0657e-26
3.4228e-07 5.1309e-26
3.4401e-07 4.4392e-26
3.4574e-07 3.3706e-26
3.4748e-07 1.9065e-26
3.4923e-07 1.2948e-26
3.5099e-07 1.2383e-26
3.5275e-07 1.0339e-26
3.5453e-07 5.588e-27
3.5631e-07 3.1289e-27
3.5811e-07 2.8183e-27
3.5991e-07 2.6746e-27
3.6172e-07 1.6702e-27
3.6354e-07 8.0157e-28
3.6537e-07 6.0726e-28
3.6721e-07 4.9957e-28
3.6906e-07 4.1163e-28
3.7092e-07 2.8482e-28
3.7278e-07 1.7954e-28
3.7466e-07 1.5376e-28
3.7655e-07 1.309e-28
3.7844e-07 1.2325e-28
3.8035e-07 1.5224e-28
3.8226e-07 1.9387e-28
3.8419e-07 2.0355e-28
3.8612e-07 2.2225e-28
3.8806e-07 2.8274e-28
3.9002e-07 3.438e-28
3.9198e-07 4.2947e-28
3.9395e-07 6.0468e-28
3.9594e-07 7.3502e-28
3.9793e-07 7.7865e-28
3.9993e-07 8.9629e-28
4.0195e-07 1.0493e-27
4.0397e-07 1.1583e-27
4.06e-07 1.4151e-27
4.0805e-07 1.9185e-27
4.101e-07 2.251e-27
4.1217e-07 2.244e-27
4.1424e-07 2.3893e-27
4.1633e-07 2.8621e-27
4.1842e-07 3.2455e-27
4.2053e-07 3.7358e-27
4.2264e-07 4.9239e-27
4.2477e-07 6.2227e-27
4.2691e-07 6.5533e-27
4.2906e-07 6.4255e-27
4.3122e-07 7.11e-27
4.3339e-07 8.0365e-27
4.3557e-07 8.6691e-27
4.3776e-07 1.0442e-26
4.3997e-07 1.3903e-26
4.4218e-07 1.6707e-26
4.4441e-07 1.6868e-26
4.4664e-07 1.6194e-26
4.4889e-07 1.7191e-26
4.5115e-07 1.8773e-26
4.5342e-07 1.9982e-26
4.5571e-07 2.3284e-26
4.58e-07 2.9802e-26
4.6031e-07 3.6121e-26
4.6262e-07 3.7661e-26
4.6495e-07 3.5697e-26
4.6729e-07 3.5888e-26
4.6964e-07 3.8901e-26
4.7201e-07 4.1475e-26
4.7438e-07 4.5437e-26
4.7677e-07 5.4917e-26
4.7917e-07 6.8267e-26
4.8158e-07 7.82e-26
4.8401e-07 7.9628e-26
4.8645e-07 7.6782e-26
4.8889e-07 7.746e-26
4.9136e-07 8.1368e-26
4.9383e-07 8.5659e-26
4.9631e-07 9.3318e-26
4.9881e-07 1.0933e-25
5.0132e-07 1.3313e-25
5.0385e-07 1.5478e-25
5.0638e-07 1.6273e-25
5.0893e-07 1.5878e-25
5.1149e-07 1.5535e-25
5.1407e-07 1.5825e-25
5.1666e-07 1.6571e-25
5.1926e-07 1.7557e-25
5.2187e-07 1.899e-25
5.245e-07 2.1033e-25
5.2714e-07 2.3513e-25
5.2979e-07 2.575e-25
5.3246e-07 2.7162e-25
5.3514e-07 2.7762e-25
5.3783e-07 2.8267e-25
5.4054e-07 2.943e-25
5.4326e-07 3.0959e-25
5.46e-07 3.2155e-25
5.4875e-07 3.2888e-25
5.5151e-07 3.3596e-25
5.5428e-07 3.4615e-25
5.5707e-07 3.6318e-25
5.5988e-07 3.8705e-25
5.627e-07 4.124e-25
5.6553e-07 4.3687e-25
5.6838e-07 4.5839e-25
5.7124e-07 4.7527e-25
5.7411e-07 4.8249e-25
5.77e-07 4.7476e-25
5.7991e-07 4.623e-25
5.8283e-07 4.5133e-25
5.8576e-07 4.5231e-25
5.8871e-07 4.6691e-25
5.9167e-07 4.8522e-25
5.9465e-07 5.0219e-25
5.9764e-07 5.1875e-25
6.0065e-07 5.2396e-25
6.0368e-07 5.1613e-25
6.0671e-07 4.9761e-25
6.0977e-07 4.7296e-25
6.1284e-07 4.4722e-25
6.1592e-07 4.2383e-25
6.1902e-07 4.0454e-25
6.2214e-07 3.8974e-25
6.2527e-07 3.7871e-25
6.2842e-07 3.6853e-25
6.3158e-07 3.5057e-25
6.3476e-07 3.3076e-25
6.3796e-07 3.1113e-25
6.4117e-07 2.9277e-25
6.444e-07 2.812e-25
6.4764e-07 2.7228e-25
6.509e-07 2.5911e-25
6.5418e-07 2.4297e-25
6.5747e-07 2.2612e-25
6.6078e-07 2.0826e-25
6.6411e-07 1.9182e-25
6.6745e-07 1.7627e-25
6.7081e-07 1.6162e-25
6.7419e-07 1.4896e-25
6.7758e-07 1.3855e-25
6.8099e-07 1.31e-25
6.8442e-07 1.2678e-25
6.8786e-07 1.2416e-25
6.9133e-07 1.1802e-25
6.9481e-07 1.0765e-25
6.983e-07 9.977e-26
7.0182e-07 9.2505e-26
7.0535e-07 8.6281e-26
7.089e-07 8.0497e-26
7.1247e-07 7.92e-26
7.1606e-07 8.0781e-26
7.1966e-07 7.9696e-26
7.2328e-07 7.3707e-26
7.2693e-07 6.7612e-26
7.3058e-07 6.0367e-26
7.3426e-07 5.3744e-26
7.3796e-07 4.9893e-26
7.4167e-07 4.7067e-26
7.4541e-07 4.5519e-26
7.4916e-07 4.2377e-26
7.5293e-07 3.6888e-26
7.5672e-07 3.2831e-26
7.6053e-07 3.2145e-26
7.6436e-07 3.1212e-26
7.6821e-07 2.857e-26
7.7207e-07 2.7961e-26
7.7596e-07 2.9708e-26
7.7986e-07 3.0664e-26
7.8379e-07 2.9048e-26
7.8774e-07 2.5746e-26
7.917e-07 2.2976e-26
7.9569e-07 2.0399e-26
7.9969e-07 1.9328e-26
8.0372e-07 1.9545e-26
8.0776e-07 2.2146e-26
8.1183e-07 2.7893e-26
8.1592e-07 3.2946e-26
8.2002e-07 3.0574e-26
8.2415e-07 2.3426e-26
8.283e-07 1.7485e-26
8.3247e-07 1.3173e-26
8.3666e-07 1.0948e-26
8.4087e-07 1.0299e-26
8.451e-07 1.1062e-26
8.4936e-07 1.352e-26
8.5363e-07 1.5439e-26
8.5793e-07 1.3873e-26
8.6225e-07 9.9628e-27
8.6659e-07 6.4681e-27
8.7095e-07 4.4718e-27
8.7534e-07 3.86e-27
8.7974e-07 4.2456e-27
8.8417e-07 5.1423e-27
8.8862e-07 6.3193e-27
8.931e-07 8.2935e-27
8.9759e-07 1.0473e-26
9.0211e-07 1.0094e-26
9.0665e-07 7.6243e-27
9.1121e-07 5.4091e-27
9.158e-07 3.9124e-27
9.2041e-07 3.2401e-27
9.2505e-07 3.2925e-27
9.297e-07 3.7052e-27
9.3438e-07 5.2425e-27
9.3909e-07 8.0915e-27
9.4381e-07 9.7107e-27
9.4856e-07 8.0428e-27
9.5334e-07 4.9635e-27
9.5814e-07 3.1094e-27
9.6296e-07 2.0224e-27
9.6781e-07 1.2823e-27
9.7268e-07 7.7876e-28
9.7758e-07 5.3222e-28
9.825e-07 9.0742e-28
9.8744e-07 2.1184e-27
9.9241e-07 2.9638e-27
9.9741e-07 2.1691e-27
1.0024e-06 9.8036e-28
1.0075e-06 4.5278e-28
1.0125e-06 2.6278e-28
1.0176e-06 1.7172e-28
1.0228e-06 1.3537e-28
1.0279e-06 1.2695e-28
1.0331e-06 1.2054e-28
1.0383e-06 1.8124e-28
1.0435e-06 3.6329e-28
1.0488e-06 4.4003e-28
1.054e-06 2.9575e-28
1.0594e-06 1.5822e-28
1.0647e-06 1.3255e-28
1.07e-06 1.1715e-28
1.0754e-06 8.9094e-29
1.0808e-06 6.7662e-29
1.0863e-06 5.4823e-29
1.0918e-06 4.4668e-29
1.0973e-06 2.9912e-29
1.1028e-06 1.1376e-29
1.1083e-06 1.1556e-30
1.1139e-06 -0
1.1195e-06 -0
1.1251e-06 -0
1.1308e-06 -0
1.1365e-06 -0
1.1422e-06 -0
1.148e-06 -0
1.1538e-06 -0
1.1596e-06 -0
1.1654e-06 -0
1.1713e-06 -0
1.1772e-06 -0
1.1831e-06 -0
1.189e-06 -0
1.195e-06 -0
1.201e-06 -0
1.2071e-06 -0
1.2132e-06 -0
1.2193e-06 -0
1.2254e-06 -0
1.2316e-06 -0
1.2378e-06 -0
1.244e-06 -0
1.2503e-06 -0
1.2566e-06 -0
1.2629e-06 -0
1.2692e-06 -0
1.2756e-06 -0
1.2821e-06 -0
1.2885e-06 -0
1.295e-06 -0
1.3015e-06 -0
1.3081e-06 -0
1.3147e-06 -0
1.3213e-06 -0
1.3279e-06 -0
1.3346e-06 -0
1.3413e-06 -0
1.3481e-06 -0
1.3549e-06 -0
1.3617e-06 -0
1.3685e-06 -0
1.3754e-06 -0
1.3824e-06 9.1396e-36
1.3893e-06 5.6712e-35
1.3963e-06 1.0911e-34
1.4033e-06 2.3224e-34
1.4104e-06 4.976e-34
1.4175e-06 4.2036e-30
1.4246e-06 8.6467e-30
1.4318e-06 9.5188e-30
1.439e-06 5.3443e-30
1.4463e-06 2.3824e-31
1.4535e-06 9.3006e-34
1.4609e-06 6.9828e-32
1.4682e-06 5.3361e-31
1.4756e-06 6.0866e-30
1.483e-06 1.4206e-29
1.4905e-06 1.6495e-29
1.498e-06 8.3617e-30
1.5055e-06 7.1283e-30
1.5131e-06 1.4705e-29
1.5207e-06 2.2375e-29
1.5284e-06 1.4953e-29
1.5361e-06 1.7576e-30
1.5438e-06 4.7573e-31
1.5516e-06 2.9969e-30
1.5594e-06 2.5056e-29
1.5672e-06 5.0358e-29
1.5751e-06 6.5034e-29
1.5831e-06 5.8101e-29
1.591e-06 4.3451e-29
1.599e-06 2.3061e-29
1.6071e-06 5.3535e-30
1.6152e-06 6.3001e-30
1.6233e-06 2.1458e-29
1.6315e-06 6.0335e-29
1.6397e-06 5.5103e-29
1.6479e-06 3.8974e-29
1.6562e-06 2.0037e-29
1.6646e-06 1.1175e-29
1.673e-06 9.6442e-30
1.6814e-06 2.3074e-29
1.6898e-06 4.1154e-29
1.6983e-06 3.4294e-29
1.7069e-06 1.4242e-29
1.7155e-06 6.6993e-29
1.7241e-06 3.009e-28
1.7328e-06 4.4634e-28
1.7415e-06 3.5229e-28
1.7503e-06 2.9273e-28
1.7591e-06 3.4566e-28
1.768e-06 2.3293e-28
1.7769e-06 7.8036e-29
1.7858e-06 2.3256e-29
1.7948e-06 1.0047e-28
1.8038e-06 3.8756e-28
1.8129e-06 1.0891e-27
1.822e-06 2.0687e-27
1.8312e-06 1.0392e-27
1.8404e-06 7.1079e-28
1.8497e-06 8.7084e-31
1.859e-06 1.4341e-31
1.8684e-06 5.6298e-28
1.8778e-06 2.1908e-27
1.8872e-06 2.5866e-27
1.8967e-06 2.0425e-27
1.9063e-06 1.2873e-27
1.9159e-06 1.6546e-30
1.9255e-06 7.3531e-32
1.9352e-06 4.9071e-32
1.9449e-06 6.7462e-32
1.9547e-06 1.1554e-27
1.9646e-06 9.4695e-28
1.9745e-06 6.7077e-28
1.9844e-06 4.9151e-28
1.9944e-06 2.5407e-28
2.0044e-06 9.881e-29
2.0145e-06 2.5903e-27
2.0247e-06 4.4775e-27
2.0348e-06 5.554e-27
2.0451e-06 5.2011e-27
2.0554e-06 3.5921e-27
2.0657e-06 7.7446e-28
2.0761e-06 3.7151e-28
2.0866e-06 2.2511e-28
2.0971e-06 1.3156e-28
2.1076e-06 9.4116e-29
2.1182e-06 5.1978e-29
2.1289e-06 1.1515e-27
2.1396e-06 3.5959e-27
2.1504e-06 4.5929e-27
2.1612e-06 4.0909e-27
2.1721e-06 2.111e-27
2.183e-06 1.0772e-27
2.194e-06 5.5899e-28
2.2051e-06 5.2234e-28
2.2162e-06 7.2047e-28
2.2273e-06 6.3462e-28
2.2385e-06 3.1707e-28
2.2498e-06 1.2781e-28
2.2611e-06 1.2199e-28
2.2725e-06 1.6785e-28
2.284e-06 5.7389e-28
2.2955e-06 1.0935e-27
2.307e-06 1.343e-27
2.3186e-06 8.1731e-28
2.3303e-06 6.9738e-28
2.342e-06 1.4952e-27
2.3538e-06 2.4096e-27
2.3657e-06 2.2194e-27
2.3776e-06 1.7241e-27
2.3895e-06 1.1791e-27
2.4016e-06 1.2667e-27
2.4137e-06 1.9411e-27
2.4258e-06 2.0721e-27
2.438e-06 1.6017e-27
2.4503e-06 1.2287e-27
2.4626e-06 2.0864e-27
2.475e-06 8.8077e-27
2.4875e-06 4.7386e-26
2.5e-06 1.0583e-25
