2.8e-07 3.3941e-22
2.8141e-07 3.0327e-22
2.8283e-07 2.6865e-22
2.8425e-07 2.3107e-22
2.8568e-07 1.9553e-22
2.8712e-07 1.6616e-22
2.8856e-07 1.42e-22
2.9002e-07 1.2089e-22
2.9148e-07 1.0247e-22
2.9294e-07 8.609e-23
2.9442e-07 7.1372e-23
2.959e-07 5.9192e-23
2.9739e-07 4.8877e-23
2.9889e-07 4.0145e-23
3.0039e-07 3.2626e-23
3.019e-07 2.6315e-23
3.0342e-07 2.1667e-23
3.0495e-07 1.792e-23
3.0649e-07 1.4546e-23
3.0803e-07 1.1841e-23
3.0958e-07 9.507e-24
3.1114e-07 7.6598e-24
3.127e-07 6.2266e-24
3.1428e-07 5.0126e-24
3.1586e-07 4.0069e-24
3.1745e-07 3.1812e-24
3.1905e-07 2.4966e-24
3.2065e-07 2.0065e-24
3.2227e-07 1.5994e-24
3.2389e-07 1.2017e-24
3.2552e-07 9.4742e-25
3.2716e-07 7.3916e-25
3.2881e-07 5.6792e-25
3.3046e-07 4.5117e-25
3.3213e-07 3.5447e-25
3.338e-07 2.6715e-25
3.3548e-07 1.9754e-25
3.3717e-07 1.5904e-25
3.3886e-07 1.22e-25
3.4057e-07 8.3149e-26
3.4228e-07 6.0736e-26
3.4401e-07 5.1776e-26
3.4574e-07 3.9726e-26
3.4748e-07 2.3559e-26
3.4923e-07 1.6257e-26
3.5099e-07 1.5072e-26
3.5275e-07 1.2519e-26
3.5453e-07 7.2719e-27
3.5631e-07 4.488e-27
3.5811e-07 3.9649e-27
3.5991e-07 3.5442e-27
3.6172e-07 2.2882e-27
3.6354e-07 1.2814e-27
3.6537e-07 1.0341e-27
3.6721e-07 8.293e-28
3.6906e-07 6.4151e-28
3.7092e-07 4.6203e-28
3.7278e-07 3.2551e-28
3.7466e-07 2.8288e-28
3.7655e-07 2.3443e-28
3.7844e-07 2.0895e-28
3.8035e-07 2.3219e-28
3.8226e-07 2.6965e-28
3.8419e-07 2.834e-28
3.8612e-07 3.0686e-28
3.8806e-07 3.7587e-28
3.9002e-07 4.4435e-28
3.9198e-07 5.2856e-28
3.9395e-07 7.0686e-28
3.9594e-07 8.4411e-28
3.9793e-07 8.8919e-28
3.9993e-07 1.014e-27
4.0195e-07 1.1852e-27
4.0397e-07 1.3156e-27
4.06e-07 1.5806e-27
4.0805e-07 2.084e-27
4.101e-07 2.4335e-27
4.1217e-07 2.4555e-27
4.1424e-07 2.6122e-27
4.1633e-07 3.0874e-27
4.1842e-07 3.4867e-27
4.2053e-07 3.9769e-27
4.2264e-07 5.131e-27
4.2477e-07 6.4154e-27
4.2691e-07 6.7862e-27
4.2906e-07 6.6981e-27
4.3122e-07 7.3732e-27
4.3339e-07 8.2993e-27
4.3557e-07 8.9409e-27
4.3776e-07 1.0657e-26
4.3997e-07 1.404e-26
4.4218e-07 1.686e-26
4.4441e-07 1.7128e-26
4.4664e-07 1.653e-26
4.4889e-07 1.75e-26
4.5115e-07 1.9079e-26
4.5342e-07 2.0324e-26
4.5571e-07 2.3591e-26
4.58e-07 3.0052e-26
4.6031e-07 3.6454e-26
4.6262e-07 3.8223e-26
4.6495e-07 3.6406e-26
4.6729e-07 3.6526e-26
4.6964e-07 3.9445e-26
4.7201e-07 4.2053e-26
4.7438e-07 4.6013e-26
4.7677e-07 5.5379e-26
4.7917e-07 6.8639e-26
4.8158e-07 7.8681e-26
4.8401e-07 8.0356e-26
4.8645e-07 7.7601e-26
4.8889e-07 7.817e-26
4.9136e-07 8.2034e-26
4.9383e-07 8.6377e-26
4.9631e-07 9.3939e-26
4.9881e-07 1.0957e-25
5.0132e-07 1.3272e-25
5.0385e-07 1.5392e-25
5.0638e-07 1.6214e-25
5.0893e-07 1.5877e-25
5.1149e-07 1.5574e-25
5.1407e-07 1.588e-25
5.1666e-07 1.6632e-25
5.1926e-07 1.7614e-25
5.2187e-07 1.9024e-25
5.245e-07 2.1034e-25
5.2714e-07 2.3494e-25
5.2979e-07 2.574e-25
5.3246e-07 2.7183e-25
5.3514e-07 2.7804e-25
5.3783e-07 2.8274e-25
5.4054e-07 2.9352e-25
5.4326e-07 3.0818e-25
5.46e-07 3.2015e-25
5.4875e-07 3.2796e-25
5.5151e-07 3.3555e-25
5.5428e-07 3.4604e-25
5.5707e-07 3.6297e-25
5.5988e-07 3.8652e-25
5.627e-07 4.1159e-25
5.6553e-07 4.3544e-25
5.6838e-07 4.5591e-25
5.7124e-07 4.7207e-25
5.7411e-07 4.7937e-25
5.77e-07 4.723e-25
5.7991e-07 4.6055e-25
5.8283e-07 4.4966e-25
5.8576e-07 4.4944e-25
5.8871e-07 4.6174e-25
5.9167e-07 4.7863e-25
5.9465e-07 4.9528e-25
5.9764e-07 5.1235e-25
6.0065e-07 5.193e-25
6.0368e-07 5.1337e-25
6.0671e-07 4.9619e-25
6.0977e-07 4.7223e-25
6.1284e-07 4.4681e-25
6.1592e-07 4.2353e-25
6.1902e-07 4.0421e-25
6.2214e-07 3.8914e-25
6.2527e-07 3.7731e-25
6.2842e-07 3.6638e-25
6.3158e-07 3.487e-25
6.3476e-07 3.2923e-25
6.3796e-07 3.1002e-25
6.4117e-07 2.918e-25
6.444e-07 2.7968e-25
6.4764e-07 2.699e-25
6.509e-07 2.5682e-25
6.5418e-07 2.4115e-25
6.5747e-07 2.2489e-25
6.6078e-07 2.0789e-25
6.6411e-07 1.9211e-25
6.6745e-07 1.7706e-25
6.7081e-07 1.6276e-25
6.7419e-07 1.5025e-25
6.7758e-07 1.3979e-25
6.8099e-07 1.3199e-25
6.8442e-07 1.2745e-25
6.8786e-07 1.2435e-25
6.9133e-07 1.1774e-25
6.9481e-07 1.0736e-25
6.983e-07 9.929e-26
7.0182e-07 9.1849e-26
7.0535e-07 8.5636e-26
7.089e-07 7.9981e-26
7.1247e-07 7.8506e-26
7.1606e-07 7.9622e-26
7.1966e-07 7.8075e-26
7.2328e-07 7.1867e-26
7.2693e-07 6.5925e-26
7.3058e-07 5.921e-26
7.3426e-07 5.2989e-26
7.3796e-07 4.922e-26
7.4167e-07 4.6576e-26
7.4541e-07 4.5255e-26
7.4916e-07 4.2298e-26
7.5293e-07 3.6957e-26
7.5672e-07 3.304e-26
7.6053e-07 3.2551e-26
7.6436e-07 3.1521e-26
7.6821e-07 2.8625e-26
7.7207e-07 2.7882e-26
7.7596e-07 2.9565e-26
7.7986e-07 3.0464e-26
7.8379e-07 2.8762e-26
7.8774e-07 2.5325e-26
7.917e-07 2.2558e-26
7.9569e-07 1.996e-26
7.9969e-07 1.8881e-26
8.0372e-07 1.8938e-26
8.0776e-07 2.1433e-26
8.1183e-07 2.6906e-26
8.1592e-07 3.1288e-26
8.2002e-07 2.9219e-26
8.2415e-07 2.2477e-26
8.283e-07 1.6704e-26
8.3247e-07 1.2718e-26
8.3666e-07 1.0581e-26
8.4087e-07 9.9831e-27
8.451e-07 1.0705e-26
8.4936e-07 1.3003e-26
8.5363e-07 1.4798e-26
8.5793e-07 1.3436e-26
8.6225e-07 9.8275e-27
8.6659e-07 6.5182e-27
8.7095e-07 4.5791e-27
8.7534e-07 3.9342e-27
8.7974e-07 4.2375e-27
8.8417e-07 5.0365e-27
8.8862e-07 6.1394e-27
8.931e-07 7.9991e-27
8.9759e-07 9.9621e-27
9.0211e-07 9.6421e-27
9.0665e-07 7.3534e-27
9.1121e-07 5.4183e-27
9.158e-07 4.0266e-27
9.2041e-07 3.3129e-27
9.2505e-07 3.3457e-27
9.297e-07 3.8081e-27
9.3438e-07 5.182e-27
9.3909e-07 7.7265e-27
9.4381e-07 9.1517e-27
9.4856e-07 7.7953e-27
9.5334e-07 4.9932e-27
9.5814e-07 3.1831e-27
9.6296e-07 2.1521e-27
9.6781e-07 1.3907e-27
9.7268e-07 8.7703e-28
9.7758e-07 6.2353e-28
9.825e-07 9.3609e-28
9.8744e-07 1.9888e-27
9.9241e-07 2.7586e-27
9.9741e-07 2.0573e-27
1.0024e-06 9.7244e-28
1.0075e-06 4.7437e-28
1.0125e-06 2.8406e-28
1.0176e-06 1.8726e-28
1.0228e-06 1.4123e-28
1.0279e-06 1.2488e-28
1.0331e-06 1.1948e-28
1.0383e-06 1.8167e-28
1.0435e-06 3.5619e-28
1.0488e-06 4.2818e-28
1.054e-06 2.9253e-28
1.0594e-06 1.5952e-28
1.0647e-06 1.318e-28
1.07e-06 1.1508e-28
1.0754e-06 8.6545e-29
1.0808e-06 6.5425e-29
1.0863e-06 5.3161e-29
1.0918e-06 4.3474e-29
1.0973e-06 2.8868e-29
1.1028e-06 1.0716e-29
1.1083e-06 1.0734e-30
1.1139e-06 -0
1.1195e-06 -0
1.1251e-06 -0
1.1308e-06 -0
1.1365e-06 -0
1.1422e-06 -0
1.148e-06 -0
1.1538e-06 -0
1.1596e-06 -0
1.1654e-06 -0
1.1713e-06 -0
1.1772e-06 -0
1.1831e-06 -0
1.189e-06 -0
1.195e-06 -0
1.201e-06 -0
1.2071e-06 -0
1.2132e-06 -0
1.2193e-06 -0
1.2254e-06 -0
1.2316e-06 -0
1.2378e-06 -0
1.244e-06 -0
1.2503e-06 -0
1.2566e-06 -0
1.2629e-06 -0
1.2692e-06 -0
1.2756e-06 -0
1.2821e-06 -0
1.2885e-06 -0
1.295e-06 -0
1.3015e-06 -0
1.3081e-06 -0
1.3147e-06 -0
1.3213e-06 -0
1.3279e-06 -0
1.3346e-06 -0
1.3413e-06 -0
1.3481e-06 -0
1.3549e-06 -0
1.3617e-06 -0
1.3685e-06 -0
1.3754e-06 -0
1.3824e-06 5.9773e-36
1.3893e-06 2.4042e-35
1.3963e-06 5.4758e-35
1.4033e-06 1.1277e-34
1.4104e-06 2.858e-34
1.4175e-06 1.8969e-30
1.4246e-06 5.3263e-30
1.4318e-06 6.1791e-30
1.439e-06 3.9058e-30
1.4463e-06 1.9831e-31
1.4535e-06 8.4785e-34
1.4609e-06 7.4849e-32
1.4682e-06 4.2263e-31
1.4756e-06 4.3719e-30
1.483e-06 9.5932e-30
1.4905e-06 1.1729e-29
1.498e-06 6.445e-30
1.5055e-06 4.1717e-30
1.5131e-06 1.0399e-29
1.5207e-06 1.5744e-29
1.5284e-06 1.0715e-29
1.5361e-06 2.4472e-30
1.5438e-06 3.3904e-31
1.5516e-06 2.0612e-30
1.5594e-06 1.7742e-29
1.5672e-06 3.507e-29
1.5751e-06 4.5547e-29
1.5831e-06 4.0436e-29
1.591e-06 3.0419e-29
1.599e-06 1.637e-29
1.6071e-06 3.8402e-30
1.6152e-06 4.384e-30
1.6233e-06 1.4531e-29
1.6315e-06 4.1915e-29
1.6397e-06 3.7883e-29
1.6479e-06 2.7463e-29
1.6562e-06 1.3939e-29
1.6646e-06 7.7659e-30
1.673e-06 6.6882e-30
1.6814e-06 1.5804e-29
1.6898e-06 2.8504e-29
1.6983e-06 2.3756e-29
1.7069e-06 9.7489e-30
1.7155e-06 4.9655e-29
1.7241e-06 2.064e-28
1.7328e-06 3.0465e-28
1.7415e-06 2.3899e-28
1.7503e-06 1.9782e-28
1.7591e-06 2.4014e-28
1.768e-06 1.5961e-28
1.7769e-06 5.1697e-29
1.7858e-06 2.0733e-29
1.7948e-06 9.6052e-29
1.8038e-06 4.1181e-28
1.8129e-06 9.1551e-28
1.822e-06 1.2908e-27
1.8312e-06 6.8645e-28
1.8404e-06 3.3182e-28
1.8497e-06 2.373e-30
1.859e-06 8.0539e-32
1.8684e-06 3.6951e-28
1.8778e-06 1.2873e-27
1.8872e-06 1.6208e-27
1.8967e-06 1.4547e-27
1.9063e-06 6.0557e-28
1.9159e-06 7.821e-30
1.9255e-06 7.6396e-32
1.9352e-06 3.1807e-32
1.9449e-06 3.8543e-32
1.9547e-06 5.8964e-28
1.9646e-06 6.3435e-28
1.9745e-06 5.1239e-28
1.9844e-06 3.6244e-28
1.9944e-06 1.7094e-28
2.0044e-06 7.7725e-29
2.0145e-06 1.322e-27
2.0247e-06 2.7994e-27
2.0348e-06 3.9973e-27
2.0451e-06 3.1738e-27
2.0554e-06 2.0279e-27
2.0657e-06 5.2198e-28
2.0761e-06 2.7154e-28
2.0866e-06 1.6019e-28
2.0971e-06 9.0868e-29
2.1076e-06 6.7096e-29
2.1182e-06 3.52e-29
2.1289e-06 8.2061e-28
2.1396e-06 2.5121e-27
2.1504e-06 3.1444e-27
2.1612e-06 2.8252e-27
2.1721e-06 1.4563e-27
2.183e-06 8.1941e-28
2.194e-06 3.8932e-28
2.2051e-06 3.5789e-28
2.2162e-06 4.9166e-28
2.2273e-06 4.3689e-28
2.2385e-06 2.1862e-28
2.2498e-06 8.7283e-29
2.2611e-06 8.3614e-29
2.2725e-06 1.1433e-28
2.284e-06 3.9799e-28
2.2955e-06 7.4305e-28
2.307e-06 9.2477e-28
2.3186e-06 5.5664e-28
2.3303e-06 4.7826e-28
2.342e-06 1.0211e-27
2.3538e-06 1.5415e-27
2.3657e-06 1.6565e-27
2.3776e-06 1.1977e-27
2.3895e-06 8.3e-28
2.4016e-06 9.0679e-28
2.4137e-06 1.414e-27
2.4258e-06 1.4728e-27
2.438e-06 1.101e-27
2.4503e-06 8.4414e-28
2.4626e-06 2.3567e-27
2.475e-06 1.2425e-26
2.4875e-06 4.9361e-26
2.5e-06 7.6407e-26
