2.8e-07 3.379e-22
2.8141e-07 3.0114e-22
2.8283e-07 2.6639e-22
2.8425e-07 2.292e-22
2.8568e-07 1.9375e-22
2.8712e-07 1.6474e-22
2.8856e-07 1.4092e-22
2.9002e-07 1.1977e-22
2.9148e-07 1.0142e-22
2.9294e-07 8.5256e-23
2.9442e-07 7.0715e-23
2.959e-07 5.8676e-23
2.9739e-07 4.849e-23
2.9889e-07 3.9862e-23
3.0039e-07 3.2424e-23
3.019e-07 2.6189e-23
3.0342e-07 2.1584e-23
3.0495e-07 1.7856e-23
3.0649e-07 1.4502e-23
3.0803e-07 1.1812e-23
3.0958e-07 9.4867e-24
3.1114e-07 7.6474e-24
3.127e-07 6.2173e-24
3.1428e-07 5.0059e-24
3.1586e-07 4.0023e-24
3.1745e-07 3.1781e-24
3.1905e-07 2.494e-24
3.2065e-07 2.0047e-24
3.2227e-07 1.5976e-24
3.2389e-07 1.2004e-24
3.2552e-07 9.4664e-25
3.2716e-07 7.3853e-25
3.2881e-07 5.675e-25
3.3046e-07 4.5087e-25
3.3213e-07 3.5428e-25
3.338e-07 2.6702e-25
3.3548e-07 1.9747e-25
3.3717e-07 1.5899e-25
3.3886e-07 1.2196e-25
3.4057e-07 8.3133e-26
3.4228e-07 6.0727e-26
3.4401e-07 5.177e-26
3.4574e-07 3.9721e-26
3.4748e-07 2.3558e-26
3.4923e-07 1.6256e-26
3.5099e-07 1.5072e-26
3.5275e-07 1.2519e-26
3.5453e-07 7.2718e-27
3.5631e-07 4.4879e-27
3.5811e-07 3.9649e-27
3.5991e-07 3.5442e-27
3.6172e-07 2.2882e-27
3.6354e-07 1.2814e-27
3.6537e-07 1.0341e-27
3.6721e-07 8.2929e-28
3.6906e-07 6.4151e-28
3.7092e-07 4.6204e-28
3.7278e-07 3.2552e-28
3.7466e-07 2.8288e-28
3.7655e-07 2.3443e-28
3.7844e-07 2.0895e-28
3.8035e-07 2.3219e-28
3.8226e-07 2.6965e-28
3.8419e-07 2.834e-28
3.8612e-07 3.0686e-28
3.8806e-07 3.7587e-28
3.9002e-07 4.4435e-28
3.9198e-07 5.2855e-28
3.9395e-07 7.0687e-28
3.9594e-07 8.4419e-28
3.9793e-07 8.8929e-28
3.9993e-07 1.0141e-27
4.0195e-07 1.1852e-27
4.0397e-07 1.3156e-27
4.06e-07 1.5806e-27
4.0805e-07 2.084e-27
4.101e-07 2.4335e-27
4.1217e-07 2.4555e-27
4.1424e-07 2.6124e-27
4.1633e-07 3.0875e-27
4.1842e-07 3.487e-27
4.2053e-07 3.9771e-27
4.2264e-07 5.1311e-27
4.2477e-07 6.4154e-27
4.2691e-07 6.7863e-27
4.2906e-07 6.6983e-27
4.3122e-07 7.3732e-27
4.3339e-07 8.2993e-27
4.3557e-07 8.9409e-27
4.3776e-07 1.0657e-26
4.3997e-07 1.4043e-26
4.4218e-07 1.6864e-26
4.4441e-07 1.7135e-26
4.4664e-07 1.6533e-26
4.4889e-07 1.7502e-26
4.5115e-07 1.9079e-26
4.5342e-07 2.0324e-26
4.5571e-07 2.3591e-26
4.58e-07 3.0052e-26
4.6031e-07 3.6454e-26
4.6262e-07 3.8223e-26
4.6495e-07 3.6406e-26
4.6729e-07 3.653e-26
4.6964e-07 3.9453e-26
4.7201e-07 4.2059e-26
4.7438e-07 4.6019e-26
4.7677e-07 5.5379e-26
4.7917e-07 6.8638e-26
4.8158e-07 7.868e-26
4.8401e-07 8.0363e-26
4.8645e-07 7.7612e-26
4.8889e-07 7.8177e-26
4.9136e-07 8.2038e-26
4.9383e-07 8.6378e-26
4.9631e-07 9.394e-26
4.9881e-07 1.0957e-25
5.0132e-07 1.3276e-25
5.0385e-07 1.54e-25
5.0638e-07 1.6222e-25
5.0893e-07 1.5885e-25
5.1149e-07 1.5577e-25
5.1407e-07 1.5881e-25
5.1666e-07 1.6632e-25
5.1926e-07 1.7614e-25
5.2187e-07 1.9024e-25
5.245e-07 2.1035e-25
5.2714e-07 2.3495e-25
5.2979e-07 2.574e-25
5.3246e-07 2.7184e-25
5.3514e-07 2.7805e-25
5.3783e-07 2.8278e-25
5.4054e-07 2.9361e-25
5.4326e-07 3.0828e-25
5.46e-07 3.2024e-25
5.4875e-07 3.2803e-25
5.5151e-07 3.3557e-25
5.5428e-07 3.4605e-25
5.5707e-07 3.6297e-25
5.5988e-07 3.8652e-25
5.627e-07 4.116e-25
5.6553e-07 4.3545e-25
5.6838e-07 4.5604e-25
5.7124e-07 4.7225e-25
5.7411e-07 4.7947e-25
5.77e-07 4.7243e-25
5.7991e-07 4.6058e-25
5.8283e-07 4.4972e-25
5.8576e-07 4.4958e-25
5.8871e-07 4.6209e-25
5.9167e-07 4.7904e-25
5.9465e-07 4.9571e-25
5.9764e-07 5.1276e-25
6.0065e-07 5.1951e-25
6.0368e-07 5.1346e-25
6.0671e-07 4.962e-25
6.0977e-07 4.7223e-25
6.1284e-07 4.468e-25
6.1592e-07 4.2352e-25
6.1902e-07 4.0421e-25
6.2214e-07 3.8916e-25
6.2527e-07 3.7744e-25
6.2842e-07 3.666e-25
6.3158e-07 3.4886e-25
6.3476e-07 3.2936e-25
6.3796e-07 3.1011e-25
6.4117e-07 2.9191e-25
6.444e-07 2.7985e-25
6.4764e-07 2.702e-25
6.509e-07 2.5712e-25
6.5418e-07 2.4142e-25
6.5747e-07 2.251e-25
6.6078e-07 2.0799e-25
6.6411e-07 1.9218e-25
6.6745e-07 1.7709e-25
6.7081e-07 1.6278e-25
6.7419e-07 1.5025e-25
6.7758e-07 1.3979e-25
6.8099e-07 1.3202e-25
6.8442e-07 1.2751e-25
6.8786e-07 1.2446e-25
6.9133e-07 1.1794e-25
6.9481e-07 1.0754e-25
6.983e-07 9.9454e-26
7.0182e-07 9.2034e-26
7.0535e-07 8.5789e-26
7.089e-07 8.0104e-26
7.1247e-07 7.8587e-26
7.1606e-07 7.9762e-26
7.1966e-07 7.8286e-26
7.2328e-07 7.2152e-26
7.2693e-07 6.6203e-26
7.3058e-07 5.9403e-26
7.3426e-07 5.3114e-26
7.3796e-07 4.934e-26
7.4167e-07 4.668e-26
7.4541e-07 4.5292e-26
7.4916e-07 4.233e-26
7.5293e-07 3.701e-26
7.5672e-07 3.3073e-26
7.6053e-07 3.2497e-26
7.6436e-07 3.147e-26
7.6821e-07 2.8659e-26
7.7207e-07 2.794e-26
7.7596e-07 2.9603e-26
7.7986e-07 3.0485e-26
7.8379e-07 2.8798e-26
7.8774e-07 2.541e-26
7.917e-07 2.2623e-26
7.9569e-07 2.0037e-26
7.9969e-07 1.8937e-26
8.0372e-07 1.9026e-26
8.0776e-07 2.1501e-26
8.1183e-07 2.6976e-26
8.1592e-07 3.1445e-26
8.2002e-07 2.9346e-26
8.2415e-07 2.2566e-26
8.283e-07 1.6924e-26
8.3247e-07 1.2797e-26
8.3666e-07 1.0649e-26
8.4087e-07 1.0026e-26
8.451e-07 1.0741e-26
8.4936e-07 1.3041e-26
8.5363e-07 1.4838e-26
8.5793e-07 1.3456e-26
8.6225e-07 9.8411e-27
8.6659e-07 6.5258e-27
8.7095e-07 4.5834e-27
8.7534e-07 3.9417e-27
8.7974e-07 4.2513e-27
8.8417e-07 5.0603e-27
8.8862e-07 6.1696e-27
8.931e-07 8.0321e-27
8.9759e-07 1.0023e-26
9.0211e-07 9.7091e-27
9.0665e-07 7.4199e-27
9.1121e-07 5.4602e-27
9.158e-07 4.0427e-27
9.2041e-07 3.3317e-27
9.2505e-07 3.3587e-27
9.297e-07 3.8017e-27
9.3438e-07 5.2093e-27
9.3909e-07 7.7764e-27
9.4381e-07 9.265e-27
9.4856e-07 7.8125e-27
9.5334e-07 4.9852e-27
9.5814e-07 3.2167e-27
9.6296e-07 2.1432e-27
9.6781e-07 1.3878e-27
9.7268e-07 8.7777e-28
9.7758e-07 6.2596e-28
9.825e-07 9.456e-28
9.8744e-07 2.0076e-27
9.9241e-07 2.7739e-27
9.9741e-07 2.067e-27
1.0024e-06 9.7925e-28
1.0075e-06 4.7817e-28
1.0125e-06 2.8671e-28
1.0176e-06 1.8891e-28
1.0228e-06 1.4252e-28
1.0279e-06 1.2619e-28
1.0331e-06 1.2045e-28
1.0383e-06 1.823e-28
1.0435e-06 3.5683e-28
1.0488e-06 4.2904e-28
1.054e-06 2.931e-28
1.0594e-06 1.5985e-28
1.0647e-06 1.32e-28
1.07e-06 1.1533e-28
1.0754e-06 8.6886e-29
1.0808e-06 6.5732e-29
1.0863e-06 5.3394e-29
1.0918e-06 4.362e-29
1.0973e-06 2.9031e-29
1.1028e-06 1.0849e-29
1.1083e-06 1.0707e-30
1.1139e-06 -0
1.1195e-06 -0
1.1251e-06 -0
1.1308e-06 -0
1.1365e-06 -0
1.1422e-06 -0
1.148e-06 -0
1.1538e-06 -0
1.1596e-06 -0
1.1654e-06 -0
1.1713e-06 -0
1.1772e-06 -0
1.1831e-06 -0
1.189e-06 -0
1.195e-06 -0
1.201e-06 -0
1.2071e-06 -0
1.2132e-06 -0
1.2193e-06 -0
1.2254e-06 -0
1.2316e-06 -0
1.2378e-06 -0
1.244e-06 -0
1.2503e-06 -0
1.2566e-06 -0
1.2629e-06 -0
1.2692e-06 -0
1.2756e-06 -0
1.2821e-06 -0
1.2885e-06 -0
1.295e-06 -0
1.3015e-06 -0
1.3081e-06 -0
1.3147e-06 -0
1.3213e-06 -0
1.3279e-06 -0
1.3346e-06 -0
1.3413e-06 -0
1.3481e-06 -0
1.3549e-06 -0
1.3617e-06 -0
1.3685e-06 -0
1.3754e-06 -0
1.3824e-06 6.3218e-36
1.3893e-06 2.8962e-35
1.3963e-06 6.7802e-35
1.4033e-06 1.282e-34
1.4104e-06 3.405e-34
1.4175e-06 2.1898e-30
1.4246e-06 5.7288e-30
1.4318e-06 7.3926e-30
1.439e-06 2.987e-30
1.4463e-06 3.6819e-31
1.4535e-06 8.145e-34
1.4609e-06 6.6724e-32
1.4682e-06 4.0952e-31
1.4756e-06 4.3185e-30
1.483e-06 9.7205e-30
1.4905e-06 1.1026e-29
1.498e-06 6.302e-30
1.5055e-06 4.1659e-30
1.5131e-06 1.0374e-29
1.5207e-06 1.5778e-29
1.5284e-06 1.0606e-29
1.5361e-06 1.2193e-30
1.5438e-06 3.3764e-31
1.5516e-06 2.0838e-30
1.5594e-06 1.7724e-29
1.5672e-06 3.5347e-29
1.5751e-06 4.5717e-29
1.5831e-06 4.0639e-29
1.591e-06 3.0454e-29
1.599e-06 1.6199e-29
1.6071e-06 3.8141e-30
1.6152e-06 4.4009e-30
1.6233e-06 1.4828e-29
1.6315e-06 4.2214e-29
1.6397e-06 3.8361e-29
1.6479e-06 2.742e-29
1.6562e-06 1.403e-29
1.6646e-06 7.8205e-30
1.673e-06 6.7288e-30
1.6814e-06 1.6069e-29
1.6898e-06 2.8772e-29
1.6983e-06 2.3949e-29
1.7069e-06 9.8968e-30
1.7155e-06 4.6231e-29
1.7241e-06 2.0966e-28
1.7328e-06 3.1011e-28
1.7415e-06 2.4386e-28
1.7503e-06 2.0171e-28
1.7591e-06 2.4155e-28
1.768e-06 1.6114e-28
1.7769e-06 5.2858e-29
1.7858e-06 1.9781e-29
1.7948e-06 8.8051e-29
1.8038e-06 3.4601e-28
1.8129e-06 8.8336e-28
1.822e-06 1.3385e-27
1.8312e-06 7.0626e-28
1.8404e-06 3.9538e-28
1.8497e-06 1.4359e-30
1.859e-06 9.0267e-32
1.8684e-06 3.9043e-28
1.8778e-06 1.3721e-27
1.8872e-06 1.6817e-27
1.8967e-06 1.4462e-27
1.9063e-06 6.8445e-28
1.9159e-06 4.7532e-30
1.9255e-06 6.9666e-32
1.9352e-06 3.3899e-32
1.9449e-06 4.2976e-32
1.9547e-06 6.5105e-28
1.9646e-06 6.4618e-28
1.9745e-06 5.016e-28
1.9844e-06 3.5739e-28
1.9944e-06 1.7428e-28
2.0044e-06 7.5089e-29
2.0145e-06 1.4315e-27
2.0247e-06 2.8993e-27
2.0348e-06 4.0275e-27
2.0451e-06 3.2218e-27
2.0554e-06 2.4459e-27
2.0657e-06 5.1358e-28
2.0761e-06 2.6876e-28
2.0866e-06 1.5968e-28
2.0971e-06 9.1965e-29
2.1076e-06 6.7018e-29
2.1182e-06 3.5897e-29
2.1289e-06 8.0747e-28
2.1396e-06 2.5127e-27
2.1504e-06 3.1875e-27
2.1612e-06 2.8537e-27
2.1721e-06 1.4738e-27
2.183e-06 7.5413e-28
2.194e-06 3.9225e-28
2.2051e-06 3.6226e-28
2.2162e-06 4.9951e-28
2.2273e-06 4.4272e-28
2.2385e-06 2.2104e-28
2.2498e-06 8.8695e-29
2.2611e-06 8.4716e-29
2.2725e-06 1.1612e-28
2.284e-06 4.02e-28
2.2955e-06 8.4926e-28
2.307e-06 9.3575e-28
2.3186e-06 5.6633e-28
2.3303e-06 4.8625e-28
2.342e-06 1.0732e-27
2.3538e-06 1.5239e-27
2.3657e-06 1.6509e-27
2.3776e-06 1.0683e-27
2.3895e-06 7.6958e-28
2.4016e-06 9.7439e-28
2.4137e-06 1.2563e-27
2.4258e-06 1.5175e-27
2.438e-06 1.1291e-27
2.4503e-06 7.6516e-28
2.4626e-06 2.3382e-27
2.475e-06 9.3535e-27
2.4875e-06 4.5036e-26
2.5e-06 7.7154e-26
