/* 
CDOM for the EIK1 station.

Sara Wergeland, Master thesis, UiB, expected November 2026. 

Column 1: Absorption coefficient, baseline-corrected, [1/m]
Column 2: wavelength [nm]  
*/

180.287000 nan
180.680000 nan
181.073000 nan
181.467000 nan
181.860000 nan
182.253000 nan
182.646000 nan
183.039000 nan
183.432000 nan
183.825000 nan
184.218000 nan
184.611000 nan
185.004000 nan
185.397000 nan
185.790000 nan
186.182000 nan
186.575000 nan
186.968000 nan
187.360000 nan
187.753000 nan
188.145000 nan
188.538000 nan
188.930000 0.333903
189.323000 0.352443
189.715000 0.347644
190.108000 0.342405
190.500000 0.386460
190.892000 nan
191.284000 nan
191.676000 nan
192.069000 nan
192.461000 nan
192.853000 nan
193.245000 nan
193.637000 nan
194.029000 nan
194.421000 nan
194.812000 nan
195.204000 nan
195.596000 nan
195.988000 nan
196.379000 nan
196.771000 nan
197.163000 nan
197.554000 nan
197.946000 nan
198.337000 nan
198.729000 nan
199.120000 nan
199.511000 nan
199.903000 nan
200.294000 nan
200.685000 nan
201.076000 nan
201.467000 nan
201.859000 nan
202.250000 nan
202.641000 nan
203.032000 nan
203.423000 nan
203.813000 nan
204.204000 nan
204.595000 nan
204.986000 nan
205.377000 nan
205.767000 nan
206.158000 nan
206.549000 0.182848
206.939000 0.205703
207.330000 0.232798
207.720000 0.241849
208.110000 0.219329
208.501000 0.199090
208.891000 0.175376
209.282000 0.161302
209.672000 0.172786
210.062000 0.163291
210.452000 0.152801
210.842000 0.139421
211.232000 0.157606
211.623000 0.181013
212.013000 0.152008
212.403000 0.151411
212.792000 0.179029
213.182000 0.168547
213.572000 0.169942
213.962000 0.141614
214.352000 0.155160
214.742000 0.124949
215.131000 0.123036
215.521000 0.112087
215.910000 0.097961
216.300000 0.122936
216.690000 0.126798
217.079000 0.165868
217.468000 0.183991
217.858000 0.231954
218.247000 0.258503
218.637000 0.329208
219.026000 0.350884
219.415000 0.388693
219.804000 0.425041
220.193000 0.437218
220.582000 0.462146
220.972000 0.458223
221.361000 0.493218
221.750000 0.501115
222.138000 0.549979
222.527000 0.581877
222.916000 0.587632
223.305000 0.614845
223.694000 0.625258
224.083000 0.639301
224.471000 0.642786
224.860000 0.666741
225.248000 0.647069
225.637000 0.644405
226.026000 0.647614
226.414000 0.683217
226.802000 0.672748
227.191000 0.689624
227.579000 0.721914
227.967000 0.773852
228.356000 0.803131
228.744000 0.869616
229.132000 0.863383
229.520000 0.909670
229.908000 0.919415
230.296000 0.953907
230.684000 0.962285
231.072000 0.987210
231.460000 1.016315
231.848000 1.048918
232.236000 1.107907
232.624000 1.160477
233.012000 1.203252
233.399000 1.259351
233.787000 1.325978
234.175000 1.371115
234.562000 1.429280
234.950000 1.471152
235.337000 1.485024
235.725000 1.527541
236.112000 1.555986
236.500000 1.588655
236.887000 1.585446
237.274000 1.607531
237.662000 1.641144
238.049000 1.658958
238.436000 1.701416
238.823000 1.718143
239.210000 1.730120
239.597000 1.743459
239.984000 1.759714
240.371000 1.776527
240.758000 1.807624
241.145000 1.815443
241.532000 1.848443
241.919000 1.859012
242.305000 1.886513
242.692000 1.900732
243.079000 1.928785
243.465000 1.926313
243.852000 1.954721
244.239000 1.960090
244.625000 1.984634
245.012000 1.974320
245.398000 1.956464
245.784000 1.943747
246.171000 1.933072
246.557000 1.903779
246.943000 1.884846
247.329000 1.867996
247.716000 1.845107
248.102000 1.808579
248.488000 1.789471
248.874000 1.757972
249.260000 1.743272
249.646000 1.705708
250.032000 1.669676
250.418000 1.626732
250.803000 1.606975
251.189000 1.565956
251.575000 1.528261
251.961000 1.492108
252.346000 1.465501
252.732000 1.443172
253.118000 1.410773
253.503000 1.390701
253.889000 1.361629
254.274000 1.324333
254.659000 1.293726
255.045000 1.259903
255.430000 1.235684
255.815000 1.204996
256.201000 1.169063
256.586000 1.141851
256.971000 1.111201
257.356000 1.074490
257.741000 1.043067
258.126000 1.011415
258.511000 0.984415
258.896000 0.957978
259.281000 0.933023
259.666000 0.907912
260.051000 0.879730
260.435000 0.855865
260.820000 0.834513
261.205000 0.815076
261.590000 0.791340
261.974000 0.775594
262.359000 0.756126
262.743000 0.738004
263.128000 0.723521
263.512000 0.707235
263.897000 0.689419
264.281000 0.673710
264.665000 0.657909
265.049000 0.643961
265.434000 0.631011
265.818000 0.618626
266.202000 0.607502
266.586000 0.596589
266.970000 0.588472
267.354000 0.581124
267.738000 0.573908
268.122000 0.566662
268.506000 0.560087
268.890000 0.553882
269.274000 0.548582
269.657000 0.543338
270.041000 0.539372
270.425000 0.533941
270.808000 0.530007
271.192000 0.526586
271.576000 0.523566
271.959000 0.519646
272.343000 0.516614
272.726000 0.511910
273.109000 0.509087
273.493000 0.506436
273.876000 0.503974
274.259000 0.501470
274.642000 0.499847
275.026000 0.497670
275.409000 0.496135
275.792000 0.494913
276.175000 0.493269
276.558000 0.492065
276.941000 0.490807
277.324000 0.489745
277.706000 0.489202
278.089000 0.489056
278.472000 0.488154
278.855000 0.488116
279.238000 0.487570
279.620000 0.487760
280.003000 0.486999
280.385000 0.486876
280.768000 0.486120
281.150000 0.485734
281.533000 0.484203
281.915000 0.483609
282.298000 0.482899
282.680000 0.482234
283.062000 0.480909
283.444000 0.480098
283.827000 0.478763
284.209000 0.477939
284.591000 0.477227
284.973000 0.476760
285.355000 0.474796
285.737000 0.473765
286.119000 0.472992
286.501000 0.472078
286.882000 0.471440
287.264000 0.470102
287.646000 0.468805
288.028000 0.467901
288.409000 0.467174
288.791000 0.466547
289.173000 0.465492
289.554000 0.464221
289.936000 0.463400
290.317000 0.462745
290.699000 0.461432
291.080000 0.459932
291.461000 0.458304
291.843000 0.456715
292.224000 0.455074
292.605000 0.453108
292.986000 0.450934
293.367000 0.448370
293.748000 0.445443
294.129000 0.441912
294.510000 0.438645
294.891000 0.435205
295.272000 0.432136
295.653000 0.428613
296.034000 0.425569
296.415000 0.422781
296.795000 0.419534
297.176000 0.416365
297.557000 0.412679
297.937000 0.409307
298.318000 0.406341
298.698000 0.403125
299.079000 0.399476
299.459000 0.396570
299.840000 0.393545
300.220000 0.389707
300.600000 0.386674
300.981000 0.383274
301.361000 0.379588
301.741000 0.375959
302.121000 0.372031
302.501000 0.368724
302.881000 0.365126
303.261000 0.361478
303.641000 0.357627
304.021000 0.353924
304.401000 0.349890
304.781000 0.346260
305.161000 0.342416
305.540000 0.338578
305.920000 0.334885
306.300000 0.331280
306.679000 0.327511
307.059000 0.323897
307.438000 0.320352
307.818000 0.316534
308.197000 0.312743
308.577000 0.308809
308.956000 0.304581
309.335000 0.300914
309.715000 0.297216
310.094000 0.293831
310.473000 0.290406
310.852000 0.287470
311.231000 0.284397
311.610000 0.280922
311.989000 0.277760
312.368000 0.274314
312.747000 0.271302
313.126000 0.268193
313.505000 0.265061
313.884000 0.261836
314.263000 0.259132
314.641000 0.255851
315.020000 0.252636
315.399000 0.249961
315.777000 0.246867
316.156000 0.243815
316.534000 0.240698
316.913000 0.237530
317.291000 0.234632
317.669000 0.231529
318.048000 0.228636
318.426000 0.225393
318.804000 0.222323
319.182000 0.219330
319.561000 0.216479
319.939000 0.213892
320.317000 0.211065
320.695000 0.208674
321.073000 0.206192
321.451000 0.203552
321.829000 0.200870
322.206000 0.198393
322.584000 0.195714
322.962000 0.193238
323.340000 0.190617
323.717000 0.187923
324.095000 0.185621
324.473000 0.183187
324.850000 0.180642
325.228000 0.178266
325.605000 0.175881
325.983000 0.173367
326.360000 0.171170
326.737000 0.168905
327.115000 0.166760
327.492000 0.164608
327.869000 0.161999
328.246000 0.159927
328.623000 0.157606
329.000000 0.155308
329.377000 0.153198
329.754000 0.151373
330.131000 0.149775
330.508000 0.147858
330.885000 0.146280
331.262000 0.144865
331.639000 0.143255
332.015000 0.142231
332.392000 0.140993
332.769000 0.139799
333.145000 0.138350
333.522000 0.137282
333.898000 0.136283
334.275000 0.135173
334.651000 0.134007
335.028000 0.132831
335.404000 0.131880
335.780000 0.130869
336.156000 0.129770
336.533000 0.128510
336.909000 0.127543
337.285000 0.126662
337.661000 0.125871
338.037000 0.124777
338.413000 0.123860
338.789000 0.122983
339.165000 0.121858
339.541000 0.120441
339.916000 0.119490
340.292000 0.118327
340.668000 0.117254
341.044000 0.116555
341.419000 0.115665
341.795000 0.114858
342.170000 0.113769
342.546000 0.112888
342.921000 0.112008
343.297000 0.111164
343.672000 0.110158
344.048000 0.109033
344.423000 0.108101
344.798000 0.107122
345.173000 0.105935
345.548000 0.105016
345.924000 0.104287
346.299000 0.103260
346.674000 0.102713
347.049000 0.101859
347.424000 0.101275
347.798000 0.100582
348.173000 0.099773
348.548000 0.099311
348.923000 0.098464
349.298000 0.097628
349.672000 0.097036
350.047000 0.096129
350.421000 0.095406
350.796000 0.094509
351.171000 0.093619
351.545000 0.092797
351.919000 0.091962
352.294000 0.091185
352.668000 0.090477
353.042000 0.089893
353.417000 0.089354
353.791000 0.088722
354.165000 0.087855
354.539000 0.087312
354.913000 0.086509
355.287000 0.085781
355.661000 0.085097
356.035000 0.084413
356.409000 0.083779
356.783000 0.083203
357.157000 0.082638
357.530000 0.081957
357.904000 0.081611
358.278000 0.081100
358.651000 0.080165
359.025000 0.079690
359.399000 0.078889
359.772000 0.078313
360.146000 0.077694
360.519000 0.077171
360.892000 0.076524
361.266000 0.075931
361.639000 0.075255
362.012000 0.074833
362.385000 0.074171
362.759000 0.073609
363.132000 0.073159
363.505000 0.072208
363.878000 0.071455
364.251000 0.070758
364.624000 0.070276
364.996000 0.069836
365.369000 0.069226
365.742000 0.068690
366.115000 0.067851
366.488000 0.067120
366.860000 0.066523
367.233000 0.065791
367.605000 0.064994
367.978000 0.064117
368.350000 0.063286
368.723000 0.062236
369.095000 0.061459
369.468000 0.060566
369.840000 0.059766
370.212000 0.058736
370.584000 0.057913
370.957000 0.057037
371.329000 0.056262
371.701000 0.055443
372.073000 0.054619
372.445000 0.053968
372.817000 0.053288
373.189000 0.052296
373.561000 0.051681
373.933000 0.051142
374.304000 0.050536
374.676000 0.049750
375.048000 0.049190
375.419000 0.048722
375.791000 0.048169
376.163000 0.047818
376.534000 0.047377
376.906000 0.046682
377.277000 0.046276
377.648000 0.045442
378.020000 0.044474
378.391000 0.043586
378.762000 0.042877
379.134000 0.042507
379.505000 0.041661
379.876000 0.040871
380.247000 0.040149
380.618000 0.039467
380.989000 0.038863
381.360000 0.038331
381.731000 0.037764
382.102000 0.037325
382.473000 0.036674
382.843000 0.036316
383.214000 0.035983
383.585000 0.035666
383.955000 0.035351
384.326000 0.035215
384.697000 0.034773
385.067000 0.034496
385.438000 0.034279
385.808000 0.034135
386.178000 0.033894
386.549000 0.033454
386.919000 0.033108
387.289000 0.032562
387.659000 0.032299
388.030000 0.032052
388.400000 0.031778
388.770000 0.031413
389.140000 0.031001
389.510000 0.030692
389.880000 0.030167
390.250000 0.029693
390.619000 0.029363
390.989000 0.028820
391.359000 0.028280
391.729000 0.027908
392.098000 0.027558
392.468000 0.027210
392.838000 0.027008
393.207000 0.026795
393.577000 0.026476
393.946000 0.026398
394.315000 0.026151
394.685000 0.025994
395.054000 0.025766
395.423000 0.025480
395.793000 0.025336
396.162000 0.025199
396.531000 0.025119
396.900000 0.024894
397.269000 0.024715
397.638000 0.024446
398.007000 0.024142
398.376000 0.024038
398.745000 0.023882
399.114000 0.023590
399.482000 0.023323
399.851000 0.023237
400.220000 0.023065
400.589000 0.022793
400.957000 0.022435
401.326000 0.022083
401.694000 0.021753
402.063000 0.021652
402.431000 0.021307
402.799000 0.021086
403.168000 0.021047
403.536000 0.020798
403.904000 0.020652
404.273000 0.020321
404.641000 0.020211
405.009000 0.020054
405.377000 0.019846
405.745000 0.019591
406.113000 0.019415
406.481000 0.019488
406.849000 0.019194
407.217000 0.019140
407.584000 0.018901
407.952000 0.018737
408.320000 0.018906
408.688000 0.018659
409.055000 0.018480
409.423000 0.018330
409.790000 0.018084
410.158000 0.017904
410.525000 0.017707
410.893000 0.017586
411.260000 0.017408
411.627000 0.017215
411.995000 0.016986
412.362000 0.016978
412.729000 0.016738
413.096000 0.016403
413.463000 0.016184
413.830000 0.016025
414.197000 0.015851
414.564000 0.015689
414.931000 0.015450
415.298000 0.015419
415.665000 0.015407
416.032000 0.015199
416.398000 0.015217
416.765000 0.015250
417.132000 0.015212
417.498000 0.015361
417.865000 0.015214
418.231000 0.015086
418.598000 0.014935
418.964000 0.014689
419.331000 0.014603
419.697000 0.014660
420.063000 0.014482
420.430000 0.014346
420.796000 0.014346
421.162000 0.014357
421.528000 0.014486
421.894000 0.014433
422.260000 0.014461
422.626000 0.014522
422.992000 0.014289
423.358000 0.014176
423.724000 0.014112
424.090000 0.013899
424.455000 0.013693
424.821000 0.013520
425.187000 0.013401
425.552000 0.013440
425.918000 0.013323
426.283000 0.013105
426.649000 0.013070
427.014000 0.012787
427.380000 0.012673
427.745000 0.012649
428.110000 0.012325
428.476000 0.012028
428.841000 0.011683
429.206000 0.011581
429.571000 0.011471
429.936000 0.011525
430.301000 0.011316
430.666000 0.011512
431.031000 0.011496
431.396000 0.011384
431.761000 0.011402
432.126000 0.011231
432.491000 0.011155
432.855000 0.011092
433.220000 0.010938
433.585000 0.010988
433.949000 0.010823
434.314000 0.010548
434.678000 0.010444
435.043000 0.010315
435.407000 0.010364
435.771000 0.010340
436.136000 0.010323
436.500000 0.010203
436.864000 0.010080
437.229000 0.009806
437.593000 0.009740
437.957000 0.009617
438.321000 0.009477
438.685000 0.009362
439.049000 0.009364
439.413000 0.009327
439.777000 0.009286
440.140000 0.009187
440.504000 0.009172
440.868000 0.009322
441.232000 0.009330
441.595000 0.009451
441.959000 0.009443
442.322000 0.009224
442.686000 0.009170
443.049000 0.009129
443.413000 0.009272
443.776000 0.009175
444.139000 0.009200
444.503000 0.009045
444.866000 0.009021
445.229000 0.008933
445.592000 0.008870
445.955000 0.008742
446.318000 0.008670
446.682000 0.008744
447.044000 0.008761
447.407000 0.008779
447.770000 0.008843
448.133000 0.008852
448.496000 0.008924
448.859000 0.008987
449.221000 0.009010
449.584000 0.009163
449.947000 0.009182
450.309000 0.009214
450.672000 0.009034
451.034000 0.008866
451.397000 0.008832
451.759000 0.008730
452.121000 0.008558
452.484000 0.008472
452.846000 0.008470
453.208000 0.008376
453.570000 0.008317
453.932000 0.008212
454.294000 0.008189
454.656000 0.008148
455.018000 0.008180
455.380000 0.008202
455.742000 0.008263
456.104000 0.008233
456.466000 0.008214
456.828000 0.008217
457.189000 0.008289
457.551000 0.008247
457.913000 0.008179
458.274000 0.008187
458.636000 0.008124
458.997000 0.008091
459.359000 0.008116
459.720000 0.008011
460.081000 0.007869
460.443000 0.007837
460.804000 0.007740
461.165000 0.007615
461.526000 0.007499
461.887000 0.007481
462.248000 0.007518
462.609000 0.007515
462.970000 0.007495
463.331000 0.007501
463.692000 0.007523
464.053000 0.007526
464.414000 0.007608
464.775000 0.007537
465.135000 0.007527
465.496000 0.007596
465.857000 0.007468
466.217000 0.007354
466.578000 0.007328
466.938000 0.007320
467.299000 0.007231
467.659000 0.007243
468.019000 0.007148
468.380000 0.007103
468.740000 0.007043
469.100000 0.007110
469.460000 0.007271
469.820000 0.007306
470.180000 0.007260
470.540000 0.007238
470.900000 0.007269
471.260000 0.007262
471.620000 0.007160
471.980000 0.007175
472.340000 0.007113
472.700000 0.006999
473.059000 0.007043
473.419000 0.007057
473.779000 0.007095
474.138000 0.007162
474.498000 0.007206
474.857000 0.007058
475.217000 0.007065
475.576000 0.007023
475.935000 0.007014
476.295000 0.007058
476.654000 0.007077
477.013000 0.006989
477.372000 0.006935
477.731000 0.006889
478.091000 0.006956
478.450000 0.007062
478.809000 0.007045
479.167000 0.007167
479.526000 0.007205
479.885000 0.007283
480.244000 0.007212
480.603000 0.007174
480.961000 0.007271
481.320000 0.007259
481.679000 0.007208
482.037000 0.007191
482.396000 0.007176
482.754000 0.007005
483.113000 0.007125
483.471000 0.007185
483.829000 0.007234
484.188000 0.007278
484.546000 0.007291
484.904000 0.007345
485.262000 0.007400
485.620000 0.007453
485.979000 0.007397
486.337000 0.007327
486.695000 0.007294
487.052000 0.007314
487.410000 0.007260
487.768000 0.007274
488.126000 0.007226
488.484000 0.007183
488.841000 0.007114
489.199000 0.007130
489.557000 0.007220
489.914000 0.007135
490.272000 0.007115
490.629000 0.007081
490.987000 0.006957
491.344000 0.006895
491.701000 0.006808
492.059000 0.006826
492.416000 0.006823
492.773000 0.006770
493.130000 0.006839
493.487000 0.006873
493.844000 0.006933
494.201000 0.006866
494.558000 0.006838
494.915000 0.006946
495.272000 0.006946
495.629000 0.006835
495.986000 0.006759
496.343000 0.006652
496.699000 0.006449
497.056000 0.006508
497.413000 0.006379
497.769000 0.006362
498.126000 0.006261
498.482000 0.006285
498.838000 0.006398
499.195000 0.006437
499.551000 0.006455
499.907000 0.006323
500.264000 0.006260
500.620000 0.006155
500.976000 0.006113
501.332000 0.006084
501.688000 0.006051
502.044000 0.006037
502.400000 0.006085
502.756000 0.006118
503.112000 0.006163
503.468000 0.006302
503.824000 0.006256
504.179000 0.006228
504.535000 0.006187
504.891000 0.006135
505.246000 0.006092
505.602000 0.006076
505.957000 0.006039
506.313000 0.005983
506.668000 0.005974
507.023000 0.005934
507.379000 0.005914
507.734000 0.005873
508.089000 0.005740
508.444000 0.005763
508.800000 0.005796
509.155000 0.005747
509.510000 0.005627
509.865000 0.005555
510.220000 0.005542
510.574000 0.005429
510.929000 0.005398
511.284000 0.005225
511.639000 0.005186
511.994000 0.005144
512.348000 0.005280
512.703000 0.005326
513.058000 0.005320
513.412000 0.005293
513.767000 0.005284
514.121000 0.005261
514.475000 0.005203
514.830000 0.005156
515.184000 0.005109
515.538000 0.005007
515.892000 0.004927
516.247000 0.004905
516.601000 0.004838
516.955000 0.004807
517.309000 0.004792
517.663000 0.004745
518.017000 0.004651
518.371000 0.004635
518.724000 0.004565
519.078000 0.004472
519.432000 0.004465
519.786000 0.004383
520.139000 0.004366
520.493000 0.004327
520.847000 0.004295
521.200000 0.004298
521.554000 0.004196
521.907000 0.004061
522.260000 0.004101
522.614000 0.003995
522.967000 0.003937
523.320000 0.003828
523.673000 0.003708
524.027000 0.003643
524.380000 0.003558
524.733000 0.003461
525.086000 0.003347
525.439000 0.003243
525.792000 0.003119
526.144000 0.003067
526.497000 0.002961
526.850000 0.002860
527.203000 0.002742
527.555000 0.002790
527.908000 0.002735
528.261000 0.002611
528.613000 0.002582
528.966000 0.002565
529.318000 0.002534
529.671000 0.002505
530.023000 0.002491
530.375000 0.002405
530.727000 0.002361
531.080000 0.002324
531.432000 0.002302
531.784000 0.002305
532.136000 0.002305
532.488000 0.002203
532.840000 0.002155
533.192000 0.002223
533.544000 0.002119
533.896000 0.002150
534.248000 0.002085
534.599000 0.002023
534.951000 0.001957
535.303000 0.001907
535.654000 0.001847
536.006000 0.001843
536.357000 0.001730
536.709000 0.001659
537.060000 0.001544
537.412000 0.001429
537.763000 0.001456
538.114000 0.001425
538.466000 0.001365
538.817000 0.001359
539.168000 0.001304
539.519000 0.001250
539.870000 0.001184
540.221000 0.001098
540.572000 0.001061
540.923000 0.000951
541.274000 0.000950
541.625000 0.000858
541.975000 0.000752
542.326000 0.000818
542.677000 0.000785
543.027000 0.000798
543.378000 0.000715
543.729000 0.000688
544.079000 0.000605
544.430000 0.000549
544.780000 0.000523
545.130000 0.000493
545.481000 0.000434
545.831000 0.000381
546.181000 0.000338
546.531000 0.000363
546.881000 0.000384
547.231000 0.000216
547.582000 0.000202
547.932000 0.000051
548.281000 -0.000075
548.631000 -0.000082
548.981000 -0.000049
549.331000 -0.000079
549.681000 -0.000138
550.030000 -0.000192
550.380000 -0.000153
550.730000 -0.000202
551.079000 -0.000204
551.429000 -0.000227
551.778000 -0.000279
552.128000 -0.000219
552.477000 -0.000183
552.826000 -0.000168
553.176000 -0.000134
553.525000 -0.000130
553.874000 -0.000045
554.223000 0.000007
554.572000 -0.000005
554.921000 0.000068
555.270000 0.000087
555.619000 0.000009
555.968000 -0.000009
556.317000 -0.000126
556.666000 -0.000270
557.015000 -0.000419
557.363000 -0.000417
557.712000 -0.000537
558.061000 -0.000608
558.409000 -0.000631
558.758000 -0.000678
559.106000 -0.000726
559.455000 -0.000781
559.803000 -0.000758
560.152000 -0.000756
560.500000 -0.000765
560.848000 -0.000830
561.196000 -0.000740
561.544000 -0.000768
561.893000 -0.000709
562.241000 -0.000664
562.589000 -0.000616
562.937000 -0.000571
563.285000 -0.000534
563.632000 -0.000421
563.980000 -0.000383
564.328000 -0.000366
564.676000 -0.000366
565.023000 -0.000486
565.371000 -0.000543
565.719000 -0.000576
566.066000 -0.000648
566.414000 -0.000648
566.761000 -0.000713
567.109000 -0.000805
567.456000 -0.000791
567.803000 -0.000784
568.151000 -0.000763
568.498000 -0.000729
568.845000 -0.000744
569.192000 -0.000795
569.539000 -0.000828
569.886000 -0.000834
570.233000 -0.000904
570.580000 -0.000896
570.927000 -0.000852
571.274000 -0.000828
571.621000 -0.000821
571.967000 -0.000840
572.314000 -0.000798
572.661000 -0.000848
573.007000 -0.000891
573.354000 -0.000816
573.700000 -0.000897
574.047000 -0.000913
574.393000 -0.000931
574.740000 -0.000882
575.086000 -0.000912
575.432000 -0.000884
575.779000 -0.000866
576.125000 -0.000825
576.471000 -0.000754
576.817000 -0.000708
577.163000 -0.000702
577.509000 -0.000682
577.855000 -0.000617
578.201000 -0.000631
578.547000 -0.000692
578.893000 -0.000730
579.238000 -0.000768
579.584000 -0.000746
579.930000 -0.000666
580.275000 -0.000728
580.621000 -0.000765
580.966000 -0.000754
581.312000 -0.000770
581.657000 -0.000808
582.003000 -0.000834
582.348000 -0.000839
582.693000 -0.000898
583.039000 -0.000876
583.384000 -0.000800
583.729000 -0.000814
584.074000 -0.000737
584.419000 -0.000712
584.764000 -0.000672
585.109000 -0.000690
585.454000 -0.000726
585.799000 -0.000632
586.144000 -0.000679
586.488000 -0.000653
586.833000 -0.000647
587.178000 -0.000804
587.522000 -0.000838
587.867000 -0.000897
588.212000 -0.000894
588.556000 -0.000939
588.900000 -0.001003
589.245000 -0.000960
589.589000 -0.000988
589.934000 -0.000969
590.278000 -0.000929
590.622000 -0.000858
590.966000 -0.000771
591.310000 -0.000683
591.654000 -0.000593
591.998000 -0.000601
592.342000 -0.000591
592.686000 -0.000523
593.030000 -0.000475
593.374000 -0.000432
593.718000 -0.000502
594.061000 -0.000492
594.405000 -0.000480
594.749000 -0.000493
595.092000 -0.000470
595.436000 -0.000476
595.779000 -0.000514
596.123000 -0.000649
596.466000 -0.000633
596.810000 -0.000563
597.153000 -0.000608
597.496000 -0.000597
597.839000 -0.000679
598.182000 -0.000720
598.526000 -0.000721
598.869000 -0.000749
599.212000 -0.000681
599.555000 -0.000670
599.898000 -0.000571
600.240000 -0.000561
600.583000 -0.000576
600.926000 -0.000483
601.269000 -0.000462
601.611000 -0.000432
601.954000 -0.000416
602.297000 -0.000490
602.639000 -0.000506
602.982000 -0.000546
603.324000 -0.000519
603.667000 -0.000445
604.009000 -0.000428
604.351000 -0.000473
604.693000 -0.000459
605.036000 -0.000457
605.378000 -0.000457
605.720000 -0.000420
606.062000 -0.000356
606.404000 -0.000381
606.746000 -0.000424
607.088000 -0.000434
607.430000 -0.000416
607.772000 -0.000378
608.113000 -0.000380
608.455000 -0.000344
608.797000 -0.000334
609.138000 -0.000317
609.480000 -0.000310
609.822000 -0.000310
610.163000 -0.000226
610.504000 -0.000295
610.846000 -0.000324
611.187000 -0.000342
611.529000 -0.000373
611.870000 -0.000391
612.211000 -0.000398
612.552000 -0.000391
612.893000 -0.000376
613.234000 -0.000315
613.575000 -0.000306
613.916000 -0.000269
614.257000 -0.000184
614.598000 -0.000156
614.939000 -0.000136
615.280000 -0.000129
615.620000 -0.000164
615.961000 -0.000154
616.302000 -0.000106
616.642000 -0.000116
616.983000 -0.000163
617.323000 -0.000293
617.664000 -0.000419
618.004000 -0.000473
618.345000 -0.000541
618.685000 -0.000628
619.025000 -0.000736
619.365000 -0.000770
619.705000 -0.000771
620.046000 -0.000824
620.386000 -0.000818
620.726000 -0.000825
621.066000 -0.000779
621.406000 -0.000772
621.745000 -0.000734
622.085000 -0.000683
622.425000 -0.000597
622.765000 -0.000509
623.104000 -0.000525
623.444000 -0.000456
623.784000 -0.000489
624.123000 -0.000469
624.463000 -0.000476
624.802000 -0.000554
625.141000 -0.000628
625.481000 -0.000655
625.820000 -0.000680
626.159000 -0.000722
626.499000 -0.000732
626.838000 -0.000785
627.177000 -0.000762
627.516000 -0.000756
627.855000 -0.000791
628.194000 -0.000844
628.533000 -0.000823
628.872000 -0.000750
629.210000 -0.000756
629.549000 -0.000710
629.888000 -0.000653
630.227000 -0.000604
630.565000 -0.000669
630.904000 -0.000657
631.242000 -0.000642
631.581000 -0.000701
631.919000 -0.000835
632.258000 -0.000922
632.596000 -0.000865
632.934000 -0.000849
633.272000 -0.000912
633.611000 -0.000963
633.949000 -0.001024
634.287000 -0.001002
634.625000 -0.001058
634.963000 -0.001144
635.301000 -0.001135
635.639000 -0.001091
635.977000 -0.001089
636.314000 -0.001097
636.652000 -0.001081
636.990000 -0.001073
637.328000 -0.001048
637.665000 -0.001011
638.003000 -0.001008
638.340000 -0.000982
638.678000 -0.000872
639.015000 -0.000844
639.353000 -0.000782
639.690000 -0.000780
640.027000 -0.000782
640.364000 -0.000749
640.702000 -0.000804
641.039000 -0.000812
641.376000 -0.000814
641.713000 -0.000785
642.050000 -0.000819
642.387000 -0.000894
642.724000 -0.000862
643.060000 -0.000932
643.397000 -0.001006
643.734000 -0.001097
644.071000 -0.001137
644.407000 -0.001098
644.744000 -0.001137
645.081000 -0.001207
645.417000 -0.001192
645.753000 -0.001148
646.090000 -0.001152
646.426000 -0.001135
646.763000 -0.001133
647.099000 -0.001146
647.435000 -0.001077
647.771000 -0.001116
648.107000 -0.001104
648.443000 -0.001023
648.779000 -0.001047
649.115000 -0.001159
649.451000 -0.001159
649.787000 -0.001191
650.123000 -0.001212
650.459000 -0.001235
650.795000 -0.001207
651.130000 -0.001215
651.466000 -0.001203
651.801000 -0.001234
652.137000 -0.001258
652.472000 -0.001197
652.808000 -0.001208
653.143000 -0.001185
653.479000 -0.001183
653.814000 -0.001165
654.149000 -0.001099
654.484000 -0.001047
654.820000 -0.001022
655.155000 -0.001008
655.490000 -0.001038
655.825000 -0.000968
656.160000 -0.001013
656.495000 -0.000991
656.829000 -0.000995
657.164000 -0.000970
657.499000 -0.000848
657.834000 -0.000826
658.168000 -0.000782
658.503000 -0.000735
658.838000 -0.000784
659.172000 -0.000759
659.507000 -0.000715
659.841000 -0.000764
660.175000 -0.000858
660.510000 -0.000908
660.844000 -0.000976
661.178000 -0.000961
661.512000 -0.001013
661.847000 -0.001070
662.181000 -0.001054
662.515000 -0.000978
662.849000 -0.000951
663.183000 -0.000951
663.517000 -0.000926
663.850000 -0.000877
664.184000 -0.000873
664.518000 -0.000900
664.852000 -0.000948
665.185000 -0.000932
665.519000 -0.000922
665.852000 -0.000915
666.186000 -0.000933
666.519000 -0.000945
666.853000 -0.000946
667.186000 -0.000989
667.519000 -0.000988
667.853000 -0.001085
668.186000 -0.001101
668.519000 -0.001129
668.852000 -0.001060
669.185000 -0.001057
669.518000 -0.001066
669.851000 -0.001064
670.184000 -0.000907
670.517000 -0.000866
670.850000 -0.000812
671.183000 -0.000646
671.515000 -0.000593
671.848000 -0.000551
672.181000 -0.000500
672.513000 -0.000464
672.846000 -0.000473
673.178000 -0.000527
673.511000 -0.000520
673.843000 -0.000518
674.175000 -0.000590
674.508000 -0.000646
674.840000 -0.000592
675.172000 -0.000587
675.504000 -0.000588
675.836000 -0.000633
676.168000 -0.000648
676.500000 -0.000645
676.832000 -0.000650
677.164000 -0.000707
677.496000 -0.000792
677.828000 -0.000834
678.160000 -0.000881
678.491000 -0.000896
678.823000 -0.000955
679.155000 -0.000985
679.486000 -0.001042
679.818000 -0.001043
680.149000 -0.001094
680.480000 -0.001116
680.812000 -0.001146
681.143000 -0.001105
681.474000 -0.001055
681.806000 -0.001065
682.137000 -0.000980
682.468000 -0.000930
682.799000 -0.000900
683.130000 -0.000786
683.461000 -0.000821
683.792000 -0.000784
684.123000 -0.000706
684.454000 -0.000830
684.784000 -0.000851
685.115000 -0.000937
685.446000 -0.000951
685.776000 -0.000988
686.107000 -0.001036
686.437000 -0.001044
686.768000 -0.001077
687.098000 -0.001167
687.429000 -0.001156
687.759000 -0.001128
688.089000 -0.001239
688.420000 -0.001175
688.750000 -0.001180
689.080000 -0.001159
689.410000 -0.001077
689.740000 -0.001038
690.070000 -0.001061
690.400000 -0.001011
690.730000 -0.000998
691.060000 -0.000930
691.389000 -0.000872
691.719000 -0.000907
692.049000 -0.000970
692.379000 -0.001016
692.708000 -0.001038
693.038000 -0.001054
693.367000 -0.001045
693.697000 -0.001052
694.026000 -0.001037
694.355000 -0.000969
694.685000 -0.000968
695.014000 -0.000833
695.343000 -0.000801
695.672000 -0.000801
696.001000 -0.000696
696.330000 -0.000610
696.660000 -0.000626
696.988000 -0.000659
697.317000 -0.000725
697.646000 -0.000669
697.975000 -0.000665
698.304000 -0.000640
698.633000 -0.000734
698.961000 -0.000704
699.290000 -0.000798
699.618000 -0.000819
699.947000 -0.000838
700.275000 -0.000834
700.604000 -0.000903
700.932000 -0.000960
701.260000 -0.000896
701.589000 -0.000920
701.917000 -0.000893
702.245000 -0.000816
702.573000 -0.000774
702.901000 -0.000683
703.229000 -0.000574
703.557000 -0.000581
703.885000 -0.000486
704.213000 -0.000424
704.541000 -0.000455
704.869000 -0.000423
705.196000 -0.000413
705.524000 -0.000392
705.852000 -0.000320
706.179000 -0.000356
706.507000 -0.000326
706.834000 -0.000231
707.162000 -0.000224
707.489000 -0.000285
707.817000 -0.000250
708.144000 -0.000227
708.471000 -0.000242
708.798000 -0.000136
709.125000 -0.000084
709.452000 -0.000133
709.779000 -0.000182
710.106000 -0.000155
710.433000 -0.000080
710.760000 -0.000047
711.087000 -0.000019
711.414000 0.000033
711.741000 0.000114
712.067000 -0.000004
712.394000 -0.000015
712.721000 0.000152
713.047000 0.000180
713.374000 0.000169
713.700000 0.000189
714.027000 0.000206
714.353000 0.000281
714.679000 0.000338
715.005000 0.000517
715.332000 0.000683
715.658000 0.000893
715.984000 0.000923
716.310000 0.000970
716.636000 0.001059
716.962000 0.001102
717.288000 0.001043
717.614000 0.001016
717.939000 0.000933
718.265000 0.000904
718.591000 0.000745
718.917000 0.000625
719.242000 0.000603
719.568000 0.000562
719.893000 0.000504
720.219000 0.000425
720.544000 0.000626
720.869000 0.000693
721.195000 0.000734
721.520000 0.000827
721.845000 0.000832
722.170000 0.001011
722.495000 0.001232
722.821000 0.001484
723.146000 0.001831
723.470000 0.001973
723.795000 0.002149
724.120000 0.002383
724.445000 0.002557
724.770000 0.002779
725.095000 0.002953
725.419000 0.003285
725.744000 0.003319
726.068000 0.003425
726.393000 0.003655
726.717000 0.003620
727.042000 0.003770
727.366000 0.003771
727.690000 0.003837
728.015000 0.003901
728.339000 0.004002
728.663000 0.003890
728.987000 0.003983
729.311000 0.004224
729.635000 0.004184
729.959000 0.004216
730.283000 0.004427
730.607000 0.004728
730.931000 0.005120
731.255000 0.005274
731.578000 0.005455
731.902000 0.005834
732.226000 0.005819
732.549000 0.005991
732.873000 0.006234
733.196000 0.006305
733.520000 0.006265
733.843000 0.006227
734.166000 0.006189
734.490000 0.006054
734.813000 0.006245
735.136000 0.006543
735.459000 0.006709
735.782000 0.007056
736.105000 0.006946
736.428000 0.007186
736.751000 0.007267
737.074000 0.007548
737.397000 0.007668
737.720000 0.007715
738.042000 0.007842
738.365000 0.008058
738.688000 0.008208
739.010000 0.008596
739.333000 0.008380
739.655000 0.008491
739.978000 0.008654
740.300000 0.008694
740.622000 0.008913
740.945000 0.008794
741.267000 0.008667
741.589000 0.008424
741.911000 0.008142
742.233000 0.007855
742.555000 0.007649
742.877000 0.007463
743.199000 0.007616
743.521000 0.007643
743.843000 0.007427
744.165000 0.007456
744.486000 0.007515
744.808000 0.007256
745.130000 0.007311
745.451000 0.007607
745.773000 0.007275
746.094000 0.007289
746.416000 0.007284
746.737000 0.007244
747.058000 0.006831
747.380000 0.006627
747.701000 0.006506
748.022000 0.006198
748.343000 0.006206
748.664000 0.005915
748.985000 0.005868
749.306000 0.005644
749.627000 0.005915
749.948000 0.006125
750.269000 0.006335
750.590000 0.006266
750.910000 0.006357
751.231000 0.006276
751.552000 0.006478
751.872000 0.006162
752.193000 0.006213
752.513000 0.006294
752.834000 0.006145
753.154000 0.006312
753.474000 0.005885
753.795000 0.005876
754.115000 0.005297
754.435000 0.005148
754.755000 0.005154
755.075000 0.005054
755.395000 0.004819
755.715000 0.004899
756.035000 0.004766
756.355000 0.004625
756.675000 0.004516
756.995000 0.004308
757.315000 0.004456
757.634000 0.004595
757.954000 0.004851
758.273000 0.004835
758.593000 0.005271
758.912000 0.005504
759.232000 0.005857
759.551000 0.005464
759.871000 0.005472
760.190000 0.005301
760.509000 0.005094
760.828000 0.004983
761.147000 0.004759
761.466000 0.004398
761.785000 0.004043
762.104000 0.003976
762.423000 0.003991
762.742000 0.004097
763.061000 0.003315
763.380000 0.002868
763.698000 0.002390
764.017000 0.002073
764.336000 0.001715
764.654000 0.001825
764.973000 0.001772
765.291000 0.001412
765.610000 0.001683
765.928000 0.001483
766.246000 0.001759
766.565000 0.001378
766.883000 0.001473
767.201000 0.001514
767.519000 0.001452
767.837000 0.001392
768.155000 0.001692
768.473000 0.001475
768.791000 0.001315
769.109000 0.001504
769.427000 0.001677
769.745000 0.001597
770.062000 0.001682
770.380000 0.001625
770.698000 0.001660
771.015000 0.001409
771.333000 0.000969
771.650000 0.000436
771.968000 -0.000367
772.285000 -0.000775
772.602000 -0.001382
772.920000 -0.001613
773.237000 -0.001635
773.554000 -0.001529
773.871000 -0.001691
774.188000 -0.001712
774.505000 -0.001636
774.822000 -0.001158
775.139000 -0.001029
775.456000 -0.001435
775.773000 -0.001492
776.089000 -0.001823
776.406000 -0.001738
776.723000 -0.001534
777.039000 -0.001379
777.356000 -0.001184
777.672000 -0.001031
777.989000 -0.000630
778.305000 -0.000685
778.622000 -0.000338
778.938000 -0.000528
779.254000 -0.000342
779.570000 -0.000538
779.887000 -0.000661
780.203000 -0.000711
780.519000 -0.001019
780.835000 -0.001689
781.151000 -0.001939
781.467000 -0.001909
781.782000 -0.001950
782.098000 -0.002153
782.414000 -0.001901
782.730000 -0.001805
783.045000 -0.001502
783.361000 -0.001639
783.676000 -0.001839
783.992000 -0.002206
784.307000 -0.002170
784.623000 -0.002236
784.938000 -0.002285
785.253000 -0.002201
785.569000 -0.002062
785.884000 -0.002006
786.199000 -0.002093
786.514000 -0.001941
786.829000 -0.001751
787.144000 -0.001789
787.459000 -0.001847
787.774000 -0.001692
788.089000 -0.001790
788.403000 -0.001897
788.718000 -0.001901
789.033000 -0.002108
789.347000 -0.002407
789.662000 -0.002503
789.977000 -0.002703
790.291000 -0.003079
790.606000 -0.003135
790.920000 -0.002966
791.234000 -0.003002
791.548000 -0.002651
791.863000 -0.002544
792.177000 -0.002079
792.491000 -0.001743
792.805000 -0.001711
793.119000 -0.001648
793.433000 -0.001775
793.747000 -0.001889
794.061000 -0.001849
794.375000 -0.002006
794.688000 -0.002088
795.002000 -0.002216
795.316000 -0.002252
795.629000 -0.002600
795.943000 -0.002898
796.257000 -0.002933
796.570000 -0.002881
796.883000 -0.002896
797.197000 -0.003093
797.510000 -0.003237
797.823000 -0.003240
798.137000 -0.003578
798.450000 -0.003934
798.763000 -0.004008
799.076000 -0.004225
799.389000 -0.004165
799.702000 -0.003792
800.015000 -0.003618
800.328000 -0.003463
800.640000 -0.003108
800.953000 -0.003021
801.266000 -0.002778
801.579000 -0.002687
801.891000 -0.002600
802.204000 -0.002321
802.516000 -0.002139
802.829000 -0.002098
803.141000 -0.002144
803.453000 -0.002243
803.766000 -0.002323
804.078000 -0.002407
804.390000 -0.002050
804.702000 -0.001963
805.014000 -0.002084
805.326000 -0.002371
805.638000 -0.002672
805.950000 -0.002928
806.262000 -0.003037
806.574000 -0.003175
806.886000 -0.003197
807.197000 -0.003423
807.509000 -0.003495
807.821000 -0.003843
808.132000 -0.003829
808.444000 -0.003637
808.755000 -0.003761
809.067000 -0.003553
809.378000 -0.003364
809.689000 -0.003181
810.001000 -0.002578
810.312000 -0.002351
810.623000 -0.002228
810.934000 -0.001974
811.245000 -0.001732
811.556000 -0.001142
811.867000 -0.000873
812.178000 -0.000485
812.489000 -0.000322
812.800000 -0.000194
813.111000 -0.000133
813.421000 -0.000442
813.732000 -0.000744
814.043000 -0.001051
814.353000 -0.001171
814.664000 -0.001359
814.974000 -0.001483
815.285000 -0.001752
815.595000 -0.002200
815.905000 -0.002572
816.215000 -0.002160
816.526000 -0.002084
816.836000 -0.002140
817.146000 -0.002487
817.456000 -0.002397
817.766000 -0.002305
818.076000 -0.001823
818.386000 -0.001471
818.696000 -0.001191
819.005000 -0.000629
819.315000 -0.000047
819.625000 0.000462
819.934000 0.000696
820.244000 0.001711
820.554000 0.002203
820.863000 0.002268
821.172000 0.002355
821.482000 0.002406
821.791000 0.002697
822.100000 0.003216
822.410000 0.003236
822.719000 0.002903
823.028000 0.002428
823.337000 0.001650
823.646000 0.001283
823.955000 0.001146
824.264000 0.001803
824.573000 0.001749
824.882000 0.002253
825.190000 0.002021
825.499000 0.001675
825.808000 0.001914
826.116000 0.001831
826.425000 0.001894
826.733000 0.001452
827.042000 0.001392
827.350000 0.000712
827.659000 0.000247
827.967000 -0.000134
828.275000 0.000492
828.583000 0.000396
828.892000 0.000807
829.200000 0.002047
829.508000 0.003425
829.816000 0.004272
830.124000 0.005366
830.431000 0.005338
830.739000 0.005327
831.047000 0.006077
831.355000 0.006446
831.662000 0.006008
831.970000 0.006039
832.278000 0.005366
832.585000 0.005027
832.893000 0.004345
833.200000 0.003962
833.507000 0.003875
833.815000 0.004296
834.122000 0.005049
834.429000 0.004999
834.736000 0.005615
835.044000 0.004788
835.351000 0.005305
835.658000 0.004420
835.965000 0.004574
836.272000 0.004720
836.578000 0.003868
836.885000 0.003455
837.192000 0.003602
837.499000 0.004092
837.805000 0.005410
838.112000 0.005976
838.418000 0.006128
838.725000 0.007881
839.031000 0.008153
839.338000 0.008546
839.644000 0.007915
839.950000 0.007186
840.257000 0.006864
840.563000 0.007051
840.869000 0.007812
841.175000 0.008629
841.481000 0.008844
841.787000 0.008104
842.093000 0.007975
842.399000 0.005950
842.705000 0.006211
843.010000 0.006545
843.316000 0.006925
843.622000 0.007412
843.927000 0.006633
844.233000 0.006145
844.539000 0.006860
844.844000 0.007081
845.149000 0.006075
845.455000 0.006870
845.760000 0.005987
846.065000 0.007317
846.371000 0.007882
846.676000 0.007635
846.981000 0.008980
847.286000 0.011472
847.591000 0.011542
847.896000 0.013159
848.201000 0.012333
848.506000 0.013195
848.810000 0.012012
849.115000 0.011805
849.420000 0.010798
849.724000 0.010384
850.029000 0.009397
850.334000 0.008414
850.638000 0.008509
850.942000 0.005069
851.247000 0.006106
851.551000 0.004025
851.855000 0.003889
852.160000 0.005748
852.464000 0.006775
852.768000 0.006451
853.072000 0.007223
853.376000 0.007794
853.680000 0.006981
853.984000 0.008415
854.288000 0.008039
854.591000 0.010538
854.895000 0.008286
855.199000 0.006717
855.503000 0.004081
855.806000 0.002812
856.110000 0.003207
856.413000 0.002981
856.717000 0.002759
857.020000 0.000005
857.323000 0.002415
857.627000 -0.001616
857.930000 -0.001362
858.233000 -0.004803
858.536000 -0.004335
858.839000 -0.003762
859.142000 -0.002102
859.445000 -0.002596
859.748000 -0.001531
860.051000 -0.001653
860.354000 0.000612
860.657000 0.001420
860.959000 0.003135
861.262000 0.006374
861.565000 0.008825
861.867000 0.012046
862.170000 0.017328
862.472000 0.017172
862.775000 0.016457
863.077000 0.018654
863.379000 0.016340
863.681000 0.014731
863.984000 0.014620
864.286000 0.008745
864.588000 0.003889
864.890000 0.000748
865.192000 -0.002346
865.494000 -0.002707
865.796000 0.000953
866.098000 0.002867
866.399000 0.004314
866.701000 -0.000611
867.003000 -0.000923
867.304000 -0.001388
867.606000 -0.004421
867.907000 -0.007530
868.209000 -0.007491
868.510000 -0.009342
868.812000 -0.012739
869.113000 -0.012551
869.414000 -0.011679
869.715000 -0.010492
870.017000 -0.007819
870.318000 -0.003400
870.619000 0.000574
870.920000 0.006394
871.221000 0.007760
871.522000 0.009532
871.822000 0.009643
872.123000 0.007648
872.424000 0.009250
872.725000 0.007463
873.025000 0.000828
873.326000 -0.000117
873.626000 0.001778
873.927000 0.001202
874.227000 0.000027
874.528000 0.002225
874.828000 0.007455
875.128000 0.004261
875.428000 0.008030
875.729000 0.006030
876.029000 0.002988
876.329000 -0.003953
876.629000 -0.007067
876.929000 -0.012071
877.229000 -0.015486
877.528000 -0.015920
877.828000 -0.016188
878.128000 -0.015845
878.428000 -0.017927
878.727000 -0.014928
879.027000 -0.012216
879.326000 -0.008855
879.626000 -0.008165
879.925000 -0.010103
880.225000 -0.006741
880.524000 -0.008615
880.823000 -0.002567
881.122000 -0.001591
881.422000 -0.005238
881.721000 -0.005323
882.020000 -0.005362
882.319000 -0.005260
882.618000 -0.007179
882.917000 -0.005941
883.215000 -0.004203
883.514000 -0.001400
883.813000 0.005376
884.112000 0.017244
884.410000 0.013822
884.709000 0.012482
885.007000 0.007533
885.306000 0.008752
885.604000 0.011066
885.903000 0.005520
886.201000 -0.002766
886.499000 0.000189
886.798000 -0.004993
887.096000 -0.000248
887.394000 -0.006519
887.692000 -0.002114
887.990000 -0.003813
888.288000 0.004141
888.586000 0.010501
888.884000 0.019432
889.181000 0.014103
889.479000 0.022061
889.777000 0.021319
890.075000 0.015551
890.372000 0.015395
890.670000 0.010576
890.967000 0.009279
891.265000 0.001218
891.562000 -0.005143
891.859000 0.009599
892.157000 0.009022
892.454000 0.023631
892.751000 0.032831
893.048000 0.050563
893.345000 0.058408
893.642000 0.059977
893.939000 0.065886
894.236000 0.058813
894.533000 0.058239
894.830000 0.059717
895.126000 0.050859
895.423000 0.048123
895.720000 0.049774
896.016000 0.043259
896.313000 0.057163
896.609000 0.053375
896.906000 0.060940
897.202000 0.059510
897.499000 0.037620
897.795000 0.043039
898.091000 0.040269
898.387000 0.029701
898.683000 0.011757
898.979000 -0.006683
899.275000 -0.016697
899.571000 -0.026366
899.867000 -0.038036
900.163000 -0.053185
900.459000 -0.054189
900.755000 -0.059535
901.050000 -0.041409
901.346000 -0.029939
901.642000 -0.016971
901.937000 -0.006677
902.233000 -0.001146
902.528000 -0.000719
902.823000 nan
903.119000 nan
903.414000 nan
903.709000 nan
904.004000 nan
904.299000 nan
904.595000 nan
904.890000 nan
905.184000 nan
905.479000 nan
905.774000 nan
906.069000 nan
906.364000 nan
906.658000 nan
906.953000 nan
907.248000 nan
907.542000 nan
907.837000 nan
908.131000 nan
908.425000 nan
908.720000 nan
909.014000 nan
909.308000 nan
909.602000 nan
