/* 
Particles for the EIK1 station.

Sara Wergeland, Master thesis, UiB, expected November 2026. 

Column 1: Absorption coefficient, [1/m]
Column 2: wavelength [nm]  
*/

210.000000 1.488437
212.000000 1.481943
214.000000 1.470371
216.000000 1.514166
218.000000 1.561222
220.000000 1.450395
222.000000 1.428988
224.000000 1.471440
226.000000 1.386609
228.000000 1.316574
230.000000 1.305660
232.000000 1.323787
234.000000 1.315655
236.000000 1.309683
238.000000 1.279474
240.000000 1.287071
242.000000 1.327456
244.000000 1.340694
246.000000 1.326936
248.000000 1.298089
250.000000 1.293485
252.000000 1.301752
254.000000 1.295104
256.000000 1.278627
258.000000 1.276328
260.000000 1.263600
262.000000 1.248498
264.000000 1.239401
266.000000 1.216924
268.000000 1.204907
270.000000 1.209353
272.000000 1.208012
274.000000 1.191003
276.000000 1.157553
278.000000 1.151298
280.000000 1.155075
282.000000 1.137531
284.000000 1.119480
286.000000 1.104941
288.000000 1.090251
290.000000 1.067399
292.000000 1.053792
294.000000 1.035494
296.000000 1.011901
298.000000 0.995888
300.000000 0.973244
302.000000 0.945541
304.000000 0.927068
306.000000 0.914871
308.000000 0.898153
310.000000 0.886713
312.000000 0.878100
314.000000 0.869302
316.000000 0.865948
318.000000 0.850418
320.000000 0.838752
322.000000 0.831075
324.000000 0.821745
326.000000 0.811956
328.000000 0.796472
330.000000 0.788988
332.000000 0.787524
334.000000 0.783332
336.000000 0.769431
338.000000 0.758491
340.000000 0.748400
342.000000 0.740972
344.000000 0.733174
346.000000 0.726668
348.000000 0.719059
350.000000 0.710743
352.000000 0.707052
354.000000 0.702730
356.000000 0.698852
358.000000 0.692119
360.000000 0.686281
362.000000 0.681655
364.000000 0.673677
366.000000 0.666167
368.000000 0.659589
370.000000 0.653242
372.000000 0.645735
374.000000 0.639914
376.000000 0.633098
378.000000 0.624046
380.000000 0.617140
382.000000 0.611782
384.000000 0.605020
386.000000 0.597592
388.000000 0.589690
390.000000 0.582713
392.000000 0.577143
394.000000 0.570982
396.000000 0.563683
398.000000 0.557312
400.000000 0.552493
402.000000 0.549165
404.000000 0.544421
406.000000 0.538752
408.000000 0.534591
410.000000 0.529014
412.000000 0.521777
414.000000 0.517923
416.000000 0.514093
418.000000 0.508221
420.000000 0.503764
422.000000 0.498962
424.000000 0.494975
426.000000 0.488808
428.000000 0.484447
430.000000 0.478729
432.000000 0.472832
434.000000 0.467986
436.000000 0.463508
438.000000 0.458306
440.000000 0.453304
442.000000 0.448146
444.000000 0.443525
446.000000 0.438999
448.000000 0.434692
450.000000 0.429844
452.000000 0.426103
454.000000 0.422376
456.000000 0.419396
458.000000 0.415884
460.000000 0.413319
462.000000 0.410494
464.000000 0.407196
466.000000 0.404654
468.000000 0.400830
470.000000 0.398698
472.000000 0.395895
474.000000 0.393333
476.000000 0.390805
478.000000 0.388095
480.000000 0.384912
482.000000 0.382222
484.000000 0.379724
486.000000 0.376574
488.000000 0.374093
490.000000 0.370070
492.000000 0.367640
494.000000 0.364859
496.000000 0.361385
498.000000 0.358981
500.000000 0.355252
502.000000 0.351543
504.000000 0.348943
506.000000 0.346162
508.000000 0.343447
510.000000 0.340868
512.000000 0.338516
514.000000 0.335502
516.000000 0.331933
518.000000 0.329608
520.000000 0.327289
522.000000 0.323973
524.000000 0.321703
526.000000 0.319130
528.000000 0.316470
530.000000 0.314133
532.000000 0.311860
534.000000 0.308983
536.000000 0.305930
538.000000 0.303431
540.000000 0.300619
542.000000 0.298136
544.000000 0.296478
546.000000 0.293668
548.000000 0.290470
550.000000 0.287872
552.000000 0.285455
554.000000 0.283608
556.000000 0.281059
558.000000 0.278887
560.000000 0.276439
562.000000 0.273740
564.000000 0.271731
566.000000 0.269558
568.000000 0.267395
570.000000 0.265567
572.000000 0.263412
574.000000 0.261657
576.000000 0.259851
578.000000 0.258236
580.000000 0.256133
582.000000 0.254146
584.000000 0.252779
586.000000 0.251540
588.000000 0.250302
590.000000 0.248331
592.000000 0.247099
594.000000 0.246256
596.000000 0.245189
598.000000 0.243818
600.000000 0.242594
602.000000 0.241979
604.000000 0.240616
606.000000 0.240283
608.000000 0.239224
610.000000 0.237511
612.000000 0.236627
614.000000 0.235774
616.000000 0.234695
618.000000 0.233815
620.000000 0.233347
622.000000 0.233018
624.000000 0.231068
626.000000 0.230713
628.000000 0.229404
630.000000 0.229049
632.000000 0.227979
634.000000 0.227653
636.000000 0.227163
638.000000 0.225579
640.000000 0.225739
642.000000 0.224902
644.000000 0.223382
646.000000 0.223379
648.000000 0.223377
650.000000 0.222033
652.000000 0.221103
654.000000 0.220621
656.000000 0.219310
658.000000 0.217904
660.000000 0.217902
662.000000 0.216946
664.000000 0.215773
666.000000 0.215196
668.000000 0.215196
670.000000 0.214620
672.000000 0.214170
674.000000 0.213320
676.000000 0.212500
678.000000 0.211480
680.000000 0.211478
682.000000 0.210661
684.000000 0.209969
686.000000 0.209996
688.000000 0.208331
690.000000 0.207517
692.000000 0.207324
694.000000 0.207349
696.000000 0.206388
698.000000 0.205606
700.000000 0.204456
702.000000 0.203990
704.000000 0.203015
706.000000 0.201871
708.000000 0.202615
710.000000 0.201810
712.000000 0.200897
714.000000 0.200670
716.000000 0.200559
718.000000 0.200216
720.000000 0.199677
722.000000 0.199086
724.000000 0.198606
726.000000 0.197020
728.000000 0.196832
730.000000 0.196696
732.000000 0.196507
734.000000 0.195667
736.000000 0.194823
738.000000 0.194169
740.000000 0.192947
742.000000 0.192954
744.000000 0.193754
746.000000 0.193095
748.000000 0.192553
750.000000 0.191640
752.000000 0.190672
754.000000 0.191461
756.000000 0.191297
758.000000 0.190091
760.000000 0.189376
762.000000 0.188957
764.000000 0.188287
766.000000 0.188156
768.000000 0.187445
770.000000 0.186893
772.000000 0.187165
774.000000 0.186536
776.000000 0.186687
778.000000 0.185374
780.000000 0.184752
782.000000 0.184132
784.000000 0.184649
786.000000 0.183887
788.000000 0.183649
790.000000 0.183710
792.000000 0.182266
794.000000 0.182578
796.000000 0.181449
798.000000 0.180435
800.000000 0.179780
802.000000 0.179778
804.000000 0.179778
806.000000 0.178657
808.000000 0.179308
810.000000 0.179308
812.000000 0.178343
814.000000 0.177595
816.000000 0.178337
818.000000 0.177655
820.000000 0.177247
822.000000 0.176496
824.000000 0.175225
826.000000 0.176306
828.000000 0.176336
830.000000 0.174607
832.000000 0.174607
834.000000 0.175437
836.000000 0.176297
838.000000 0.174569
840.000000 0.173106
842.000000 0.174698
844.000000 0.174389
846.000000 0.173131
848.000000 0.172215
850.000000 0.171846
852.000000 0.171251
854.000000 0.172558
856.000000 0.173225
858.000000 0.173009
860.000000 0.172342
862.000000 0.171407
864.000000 0.170676
866.000000 0.169021
868.000000 0.168926
870.000000 0.171045
872.000000 0.170928
874.000000 0.171265
876.000000 0.170704
878.000000 0.171401
880.000000 0.171206
882.000000 0.168475
884.000000 0.168976
886.000000 0.170127
888.000000 0.171759
890.000000 0.169147
892.000000 0.163883
894.000000 0.163534
896.000000 0.165907
898.000000 0.170640
900.000000 0.172253
