20 300

300.0 321.1 342.1 363.2 384.2 405.3 426.3 447.4 468.4 489.5 510.5 531.6 552.6 573.7 594.7 615.8 636.8 657.9 678.9 700.0

0.000 0.6020 1.204 1.806 2.408 3.010 3.612 4.214 4.816 5.418 6.020 6.622 7.224 7.826 8.428 9.030 9.632 10.23 10.84 11.44 12.04 12.64 13.24 13.85 14.45 15.05 15.65 16.25 16.86 17.46 18.06 18.66 19.26 19.87 20.47 21.07 21.67 22.27 22.88 23.48 24.08 24.68 25.28 25.89 26.49 27.09 27.69 28.29 28.90 29.50 30.10 30.70 31.30 31.91 32.51 33.11 33.71 34.31 34.92 35.52 36.12 36.72 37.32 37.93 38.53 39.13 39.73 40.33 40.94 41.54 42.14 42.74 43.34 43.95 44.55 45.15 45.75 46.35 46.96 47.56 48.16 48.76 49.36 49.97 50.57 51.17 51.77 52.37 52.98 53.58 54.18 54.78 55.38 55.99 56.59 57.19 57.79 58.39 59.00 59.60 60.20 60.80 61.40 62.01 62.61 63.21 63.81 64.41 65.02 65.62 66.22 66.82 67.42 68.03 68.63 69.23 69.83 70.43 71.04 71.64 72.24 72.84 73.44 74.05 74.65 75.25 75.85 76.45 77.06 77.66 78.26 78.86 79.46 80.07 80.67 81.27 81.87 82.47 83.08 83.68 84.28 84.88 85.48 86.09 86.69 87.29 87.89 88.50 89.10 89.70 90.30 90.90 91.50 92.11 92.71 93.31 93.91 94.52 95.12 95.72 96.32 96.92 97.52 98.13 98.73 99.33 99.93 100.5 101.1 101.7 102.3 102.9 103.5 104.1 104.7 105.4 106.0 106.6 107.2 107.8 108.4 109.0 109.6 110.2 110.8 111.4 112.0 112.6 113.2 113.8 114.4 115.0 115.6 116.2 116.8 117.4 118.0 118.6 119.2 119.8 120.4 121.0 121.6 122.2 122.8 123.4 124.0 124.6 125.2 125.8 126.4 127.0 127.6 128.2 128.8 129.4 130.0 130.6 131.2 131.8 132.4 133.0 133.6 134.2 134.8 135.5 136.1 136.7 137.3 137.9 138.5 139.1 139.7 140.3 140.9 141.5 142.1 142.7 143.3 143.9 144.5 145.1 145.7 146.3 146.9 147.5 148.1 148.7 149.3 149.9 150.5 151.1 151.7 152.3 152.9 153.5 154.1 154.7 155.3 155.9 156.5 157.1 157.7 158.3 158.9 159.5 160.1 160.7 161.3 161.9 162.5 163.1 163.7 164.3 164.9 165.6 166.2 166.8 167.4 168.0 168.6 169.2 169.8 170.4 171.0 171.6 172.2 172.8 173.4 174.0 174.6 175.2 175.8 176.4 177.0 177.6 178.2 178.8 179.4 180.0

7.22e-01 7.21e-01 7.21e-01 7.20e-01 7.19e-01 7.17e-01 7.15e-01 7.12e-01 7.10e-01 7.07e-01 7.03e-01 6.99e-01 6.95e-01 6.91e-01 6.86e-01 6.81e-01 6.75e-01 6.69e-01 6.63e-01 6.57e-01 6.50e-01 6.43e-01 6.36e-01 6.29e-01 6.21e-01 6.13e-01 6.05e-01 5.97e-01 5.89e-01 5.80e-01 5.71e-01 5.63e-01 5.54e-01 5.44e-01 5.35e-01 5.26e-01 5.16e-01 5.07e-01 4.97e-01 4.87e-01 4.78e-01 4.68e-01 4.58e-01 4.48e-01 4.39e-01 4.29e-01 4.19e-01 4.09e-01 4.00e-01 3.90e-01 3.81e-01 3.71e-01 3.62e-01 3.52e-01 3.43e-01 3.34e-01 3.25e-01 3.16e-01 3.07e-01 2.99e-01 2.90e-01 2.82e-01 2.73e-01 2.65e-01 2.57e-01 2.49e-01 2.42e-01 2.34e-01 2.27e-01 2.19e-01 2.12e-01 2.05e-01 1.99e-01 1.92e-01 1.86e-01 1.79e-01 1.73e-01 1.67e-01 1.62e-01 1.56e-01 1.50e-01 1.45e-01 1.40e-01 1.35e-01 1.30e-01 1.25e-01 1.21e-01 1.16e-01 1.12e-01 1.08e-01 1.04e-01 1.00e-01 9.64e-02 9.28e-02 8.93e-02 8.60e-02 8.27e-02 7.96e-02 7.66e-02 7.37e-02 7.09e-02 6.83e-02 6.57e-02 6.32e-02 6.08e-02 5.85e-02 5.63e-02 5.42e-02 5.22e-02 5.02e-02 4.84e-02 4.66e-02 4.48e-02 4.32e-02 4.16e-02 4.01e-02 3.86e-02 3.72e-02 3.59e-02 3.46e-02 3.33e-02 3.21e-02 3.10e-02 2.99e-02 2.89e-02 2.78e-02 2.69e-02 2.60e-02 2.51e-02 2.42e-02 2.34e-02 2.26e-02 2.18e-02 2.11e-02 2.04e-02 1.97e-02 1.91e-02 1.85e-02 1.79e-02 1.73e-02 1.68e-02 1.62e-02 1.57e-02 1.52e-02 1.48e-02 1.43e-02 1.39e-02 1.34e-02 1.30e-02 1.26e-02 1.23e-02 1.19e-02 1.15e-02 1.12e-02 1.09e-02 1.06e-02 1.03e-02 9.96e-03 9.68e-03 9.40e-03 9.14e-03 8.88e-03 8.63e-03 8.39e-03 8.16e-03 7.94e-03 7.72e-03 7.51e-03 7.31e-03 7.11e-03 6.93e-03 6.74e-03 6.57e-03 6.40e-03 6.23e-03 6.07e-03 5.92e-03 5.77e-03 5.62e-03 5.48e-03 5.35e-03 5.22e-03 5.09e-03 4.97e-03 4.85e-03 4.74e-03 4.63e-03 4.52e-03 4.42e-03 4.32e-03 4.22e-03 4.13e-03 4.04e-03 3.95e-03 3.87e-03 3.79e-03 3.71e-03 3.63e-03 3.56e-03 3.49e-03 3.42e-03 3.35e-03 3.29e-03 3.23e-03 3.17e-03 3.11e-03 3.06e-03 3.00e-03 2.95e-03 2.90e-03 2.85e-03 2.81e-03 2.76e-03 2.72e-03 2.68e-03 2.64e-03 2.60e-03 2.56e-03 2.53e-03 2.49e-03 2.46e-03 2.43e-03 2.39e-03 2.36e-03 2.34e-03 2.31e-03 2.28e-03 2.26e-03 2.23e-03 2.21e-03 2.18e-03 2.16e-03 2.14e-03 2.12e-03 2.10e-03 2.08e-03 2.06e-03 2.04e-03 2.03e-03 2.01e-03 2.00e-03 1.98e-03 1.97e-03 1.95e-03 1.94e-03 1.93e-03 1.92e-03 1.90e-03 1.89e-03 1.88e-03 1.87e-03 1.86e-03 1.85e-03 1.84e-03 1.84e-03 1.83e-03 1.82e-03 1.81e-03 1.81e-03 1.80e-03 1.79e-03 1.79e-03 1.78e-03 1.77e-03 1.77e-03 1.76e-03 1.76e-03 1.75e-03 1.75e-03 1.75e-03 1.74e-03 1.74e-03 1.74e-03 1.73e-03 1.73e-03 1.73e-03 1.72e-03 1.72e-03 1.72e-03 1.72e-03 1.71e-03 1.71e-03 1.71e-03 1.71e-03 1.71e-03 1.70e-03 1.70e-03 1.70e-03 1.70e-03 1.70e-03 1.70e-03 1.70e-03 1.70e-03 1.70e-03 1.70e-03 1.70e-03 1.70e-03 1.70e-03 1.70e-03 1.70e-03
6.43e-01 6.43e-01 6.42e-01 6.41e-01 6.40e-01 6.39e-01 6.37e-01 6.35e-01 6.33e-01 6.31e-01 6.28e-01 6.25e-01 6.21e-01 6.18e-01 6.14e-01 6.10e-01 6.05e-01 6.01e-01 5.96e-01 5.91e-01 5.85e-01 5.80e-01 5.74e-01 5.68e-01 5.62e-01 5.56e-01 5.49e-01 5.42e-01 5.35e-01 5.28e-01 5.21e-01 5.14e-01 5.06e-01 4.99e-01 4.91e-01 4.84e-01 4.76e-01 4.68e-01 4.60e-01 4.52e-01 4.44e-01 4.36e-01 4.27e-01 4.19e-01 4.11e-01 4.03e-01 3.95e-01 3.86e-01 3.78e-01 3.70e-01 3.62e-01 3.54e-01 3.46e-01 3.38e-01 3.30e-01 3.22e-01 3.14e-01 3.06e-01 2.99e-01 2.91e-01 2.83e-01 2.76e-01 2.69e-01 2.62e-01 2.54e-01 2.47e-01 2.41e-01 2.34e-01 2.27e-01 2.21e-01 2.14e-01 2.08e-01 2.02e-01 1.96e-01 1.90e-01 1.84e-01 1.78e-01 1.73e-01 1.67e-01 1.62e-01 1.57e-01 1.52e-01 1.47e-01 1.42e-01 1.38e-01 1.33e-01 1.29e-01 1.25e-01 1.20e-01 1.16e-01 1.12e-01 1.09e-01 1.05e-01 1.01e-01 9.80e-02 9.47e-02 9.15e-02 8.83e-02 8.53e-02 8.24e-02 7.95e-02 7.68e-02 7.42e-02 7.16e-02 6.92e-02 6.68e-02 6.45e-02 6.23e-02 6.01e-02 5.81e-02 5.61e-02 5.42e-02 5.24e-02 5.06e-02 4.89e-02 4.72e-02 4.57e-02 4.41e-02 4.27e-02 4.12e-02 3.99e-02 3.86e-02 3.73e-02 3.61e-02 3.49e-02 3.38e-02 3.27e-02 3.17e-02 3.07e-02 2.97e-02 2.88e-02 2.79e-02 2.71e-02 2.62e-02 2.54e-02 2.47e-02 2.39e-02 2.32e-02 2.25e-02 2.19e-02 2.12e-02 2.06e-02 2.00e-02 1.95e-02 1.89e-02 1.84e-02 1.79e-02 1.74e-02 1.69e-02 1.64e-02 1.60e-02 1.55e-02 1.51e-02 1.47e-02 1.43e-02 1.40e-02 1.36e-02 1.32e-02 1.29e-02 1.26e-02 1.23e-02 1.20e-02 1.17e-02 1.14e-02 1.11e-02 1.08e-02 1.06e-02 1.03e-02 1.01e-02 9.81e-03 9.58e-03 9.36e-03 9.14e-03 8.93e-03 8.72e-03 8.52e-03 8.33e-03 8.15e-03 7.96e-03 7.79e-03 7.62e-03 7.45e-03 7.29e-03 7.14e-03 6.99e-03 6.84e-03 6.70e-03 6.56e-03 6.43e-03 6.30e-03 6.17e-03 6.05e-03 5.94e-03 5.82e-03 5.71e-03 5.60e-03 5.50e-03 5.40e-03 5.30e-03 5.20e-03 5.11e-03 5.02e-03 4.93e-03 4.85e-03 4.77e-03 4.69e-03 4.61e-03 4.54e-03 4.47e-03 4.40e-03 4.33e-03 4.26e-03 4.20e-03 4.14e-03 4.08e-03 4.02e-03 3.96e-03 3.91e-03 3.86e-03 3.81e-03 3.76e-03 3.71e-03 3.66e-03 3.62e-03 3.57e-03 3.53e-03 3.49e-03 3.45e-03 3.41e-03 3.37e-03 3.34e-03 3.30e-03 3.27e-03 3.24e-03 3.20e-03 3.17e-03 3.14e-03 3.11e-03 3.09e-03 3.06e-03 3.03e-03 3.01e-03 2.98e-03 2.96e-03 2.94e-03 2.92e-03 2.89e-03 2.87e-03 2.85e-03 2.83e-03 2.82e-03 2.80e-03 2.78e-03 2.76e-03 2.75e-03 2.73e-03 2.72e-03 2.70e-03 2.69e-03 2.67e-03 2.66e-03 2.65e-03 2.64e-03 2.62e-03 2.61e-03 2.60e-03 2.59e-03 2.58e-03 2.57e-03 2.56e-03 2.55e-03 2.55e-03 2.54e-03 2.53e-03 2.52e-03 2.52e-03 2.51e-03 2.50e-03 2.50e-03 2.49e-03 2.49e-03 2.48e-03 2.48e-03 2.47e-03 2.47e-03 2.46e-03 2.46e-03 2.46e-03 2.45e-03 2.45e-03 2.45e-03 2.45e-03 2.44e-03 2.44e-03 2.44e-03 2.44e-03 2.44e-03 2.44e-03 2.44e-03 2.44e-03
5.79e-01 5.79e-01 5.78e-01 5.78e-01 5.77e-01 5.76e-01 5.74e-01 5.73e-01 5.71e-01 5.69e-01 5.66e-01 5.64e-01 5.61e-01 5.58e-01 5.55e-01 5.52e-01 5.48e-01 5.44e-01 5.40e-01 5.36e-01 5.31e-01 5.27e-01 5.22e-01 5.17e-01 5.12e-01 5.07e-01 5.01e-01 4.96e-01 4.90e-01 4.84e-01 4.78e-01 4.72e-01 4.66e-01 4.60e-01 4.53e-01 4.47e-01 4.40e-01 4.33e-01 4.27e-01 4.20e-01 4.13e-01 4.06e-01 3.99e-01 3.92e-01 3.85e-01 3.78e-01 3.71e-01 3.64e-01 3.57e-01 3.50e-01 3.43e-01 3.36e-01 3.29e-01 3.22e-01 3.15e-01 3.09e-01 3.02e-01 2.95e-01 2.88e-01 2.82e-01 2.75e-01 2.68e-01 2.62e-01 2.56e-01 2.49e-01 2.43e-01 2.37e-01 2.31e-01 2.25e-01 2.19e-01 2.13e-01 2.07e-01 2.02e-01 1.96e-01 1.91e-01 1.86e-01 1.80e-01 1.75e-01 1.70e-01 1.65e-01 1.61e-01 1.56e-01 1.51e-01 1.47e-01 1.43e-01 1.38e-01 1.34e-01 1.30e-01 1.26e-01 1.22e-01 1.19e-01 1.15e-01 1.11e-01 1.08e-01 1.05e-01 1.01e-01 9.83e-02 9.52e-02 9.22e-02 8.93e-02 8.65e-02 8.38e-02 8.12e-02 7.86e-02 7.61e-02 7.37e-02 7.14e-02 6.92e-02 6.70e-02 6.49e-02 6.29e-02 6.09e-02 5.90e-02 5.72e-02 5.54e-02 5.37e-02 5.21e-02 5.05e-02 4.89e-02 4.74e-02 4.60e-02 4.46e-02 4.33e-02 4.20e-02 4.07e-02 3.95e-02 3.84e-02 3.73e-02 3.62e-02 3.51e-02 3.41e-02 3.32e-02 3.22e-02 3.13e-02 3.05e-02 2.96e-02 2.88e-02 2.80e-02 2.73e-02 2.65e-02 2.58e-02 2.51e-02 2.45e-02 2.39e-02 2.32e-02 2.26e-02 2.21e-02 2.15e-02 2.10e-02 2.05e-02 2.00e-02 1.95e-02 1.90e-02 1.85e-02 1.81e-02 1.77e-02 1.73e-02 1.69e-02 1.65e-02 1.61e-02 1.57e-02 1.54e-02 1.50e-02 1.47e-02 1.44e-02 1.41e-02 1.38e-02 1.35e-02 1.32e-02 1.29e-02 1.26e-02 1.24e-02 1.21e-02 1.19e-02 1.16e-02 1.14e-02 1.12e-02 1.09e-02 1.07e-02 1.05e-02 1.03e-02 1.01e-02 9.92e-03 9.73e-03 9.55e-03 9.38e-03 9.20e-03 9.04e-03 8.87e-03 8.72e-03 8.56e-03 8.41e-03 8.27e-03 8.13e-03 7.99e-03 7.85e-03 7.72e-03 7.60e-03 7.47e-03 7.35e-03 7.24e-03 7.13e-03 7.01e-03 6.91e-03 6.80e-03 6.70e-03 6.60e-03 6.51e-03 6.41e-03 6.32e-03 6.24e-03 6.15e-03 6.07e-03 5.99e-03 5.91e-03 5.83e-03 5.76e-03 5.69e-03 5.62e-03 5.55e-03 5.48e-03 5.42e-03 5.35e-03 5.29e-03 5.23e-03 5.18e-03 5.12e-03 5.07e-03 5.01e-03 4.96e-03 4.91e-03 4.87e-03 4.82e-03 4.77e-03 4.73e-03 4.69e-03 4.65e-03 4.61e-03 4.57e-03 4.53e-03 4.49e-03 4.46e-03 4.42e-03 4.39e-03 4.36e-03 4.32e-03 4.29e-03 4.26e-03 4.24e-03 4.21e-03 4.18e-03 4.15e-03 4.13e-03 4.10e-03 4.08e-03 4.06e-03 4.04e-03 4.01e-03 3.99e-03 3.97e-03 3.95e-03 3.94e-03 3.92e-03 3.90e-03 3.88e-03 3.87e-03 3.85e-03 3.84e-03 3.82e-03 3.81e-03 3.79e-03 3.78e-03 3.77e-03 3.76e-03 3.75e-03 3.74e-03 3.73e-03 3.72e-03 3.71e-03 3.70e-03 3.69e-03 3.68e-03 3.68e-03 3.67e-03 3.66e-03 3.66e-03 3.65e-03 3.64e-03 3.64e-03 3.64e-03 3.63e-03 3.63e-03 3.63e-03 3.62e-03 3.62e-03 3.62e-03 3.62e-03 3.62e-03 3.62e-03 3.62e-03
5.25e-01 5.25e-01 5.24e-01 5.24e-01 5.23e-01 5.22e-01 5.21e-01 5.20e-01 5.18e-01 5.17e-01 5.15e-01 5.13e-01 5.10e-01 5.08e-01 5.05e-01 5.02e-01 4.99e-01 4.96e-01 4.93e-01 4.89e-01 4.85e-01 4.82e-01 4.78e-01 4.73e-01 4.69e-01 4.65e-01 4.60e-01 4.55e-01 4.51e-01 4.46e-01 4.41e-01 4.35e-01 4.30e-01 4.25e-01 4.19e-01 4.14e-01 4.08e-01 4.03e-01 3.97e-01 3.91e-01 3.85e-01 3.79e-01 3.73e-01 3.67e-01 3.61e-01 3.55e-01 3.49e-01 3.43e-01 3.37e-01 3.31e-01 3.25e-01 3.19e-01 3.13e-01 3.07e-01 3.01e-01 2.95e-01 2.89e-01 2.83e-01 2.77e-01 2.71e-01 2.65e-01 2.59e-01 2.54e-01 2.48e-01 2.42e-01 2.37e-01 2.31e-01 2.26e-01 2.21e-01 2.15e-01 2.10e-01 2.05e-01 2.00e-01 1.95e-01 1.90e-01 1.85e-01 1.80e-01 1.76e-01 1.71e-01 1.67e-01 1.62e-01 1.58e-01 1.54e-01 1.49e-01 1.45e-01 1.41e-01 1.37e-01 1.34e-01 1.30e-01 1.26e-01 1.23e-01 1.19e-01 1.16e-01 1.13e-01 1.09e-01 1.06e-01 1.03e-01 1.00e-01 9.74e-02 9.46e-02 9.18e-02 8.92e-02 8.66e-02 8.41e-02 8.17e-02 7.93e-02 7.70e-02 7.48e-02 7.26e-02 7.05e-02 6.85e-02 6.65e-02 6.46e-02 6.28e-02 6.10e-02 5.93e-02 5.76e-02 5.60e-02 5.44e-02 5.29e-02 5.14e-02 5.00e-02 4.86e-02 4.73e-02 4.60e-02 4.47e-02 4.35e-02 4.24e-02 4.12e-02 4.01e-02 3.91e-02 3.81e-02 3.71e-02 3.61e-02 3.52e-02 3.43e-02 3.35e-02 3.26e-02 3.18e-02 3.10e-02 3.03e-02 2.96e-02 2.89e-02 2.82e-02 2.75e-02 2.69e-02 2.63e-02 2.57e-02 2.51e-02 2.45e-02 2.40e-02 2.34e-02 2.29e-02 2.24e-02 2.19e-02 2.15e-02 2.10e-02 2.06e-02 2.02e-02 1.97e-02 1.93e-02 1.90e-02 1.86e-02 1.82e-02 1.79e-02 1.75e-02 1.72e-02 1.68e-02 1.65e-02 1.62e-02 1.59e-02 1.56e-02 1.53e-02 1.50e-02 1.48e-02 1.45e-02 1.43e-02 1.40e-02 1.38e-02 1.35e-02 1.33e-02 1.31e-02 1.29e-02 1.26e-02 1.24e-02 1.22e-02 1.20e-02 1.18e-02 1.16e-02 1.15e-02 1.13e-02 1.11e-02 1.09e-02 1.08e-02 1.06e-02 1.05e-02 1.03e-02 1.02e-02 1.00e-02 9.86e-03 9.72e-03 9.59e-03 9.46e-03 9.33e-03 9.20e-03 9.08e-03 8.96e-03 8.85e-03 8.73e-03 8.62e-03 8.51e-03 8.41e-03 8.31e-03 8.21e-03 8.11e-03 8.02e-03 7.92e-03 7.83e-03 7.75e-03 7.66e-03 7.58e-03 7.50e-03 7.42e-03 7.34e-03 7.27e-03 7.20e-03 7.12e-03 7.06e-03 6.99e-03 6.92e-03 6.86e-03 6.80e-03 6.74e-03 6.68e-03 6.62e-03 6.57e-03 6.51e-03 6.46e-03 6.41e-03 6.36e-03 6.31e-03 6.27e-03 6.22e-03 6.18e-03 6.13e-03 6.09e-03 6.05e-03 6.01e-03 5.97e-03 5.94e-03 5.90e-03 5.87e-03 5.83e-03 5.80e-03 5.77e-03 5.74e-03 5.71e-03 5.68e-03 5.65e-03 5.63e-03 5.60e-03 5.57e-03 5.55e-03 5.53e-03 5.50e-03 5.48e-03 5.46e-03 5.44e-03 5.42e-03 5.40e-03 5.38e-03 5.37e-03 5.35e-03 5.34e-03 5.32e-03 5.31e-03 5.29e-03 5.28e-03 5.27e-03 5.25e-03 5.24e-03 5.23e-03 5.22e-03 5.21e-03 5.20e-03 5.20e-03 5.19e-03 5.18e-03 5.17e-03 5.17e-03 5.16e-03 5.16e-03 5.15e-03 5.15e-03 5.15e-03 5.15e-03 5.14e-03 5.14e-03 5.14e-03 5.14e-03
4.80e-01 4.79e-01 4.79e-01 4.79e-01 4.78e-01 4.77e-01 4.76e-01 4.75e-01 4.74e-01 4.73e-01 4.71e-01 4.69e-01 4.67e-01 4.65e-01 4.63e-01 4.60e-01 4.58e-01 4.55e-01 4.52e-01 4.49e-01 4.46e-01 4.43e-01 4.39e-01 4.36e-01 4.32e-01 4.28e-01 4.25e-01 4.21e-01 4.16e-01 4.12e-01 4.08e-01 4.03e-01 3.99e-01 3.94e-01 3.90e-01 3.85e-01 3.80e-01 3.75e-01 3.70e-01 3.65e-01 3.60e-01 3.55e-01 3.50e-01 3.45e-01 3.40e-01 3.34e-01 3.29e-01 3.24e-01 3.19e-01 3.13e-01 3.08e-01 3.03e-01 2.97e-01 2.92e-01 2.87e-01 2.81e-01 2.76e-01 2.71e-01 2.66e-01 2.60e-01 2.55e-01 2.50e-01 2.45e-01 2.40e-01 2.35e-01 2.30e-01 2.25e-01 2.20e-01 2.15e-01 2.10e-01 2.06e-01 2.01e-01 1.96e-01 1.92e-01 1.87e-01 1.83e-01 1.79e-01 1.74e-01 1.70e-01 1.66e-01 1.62e-01 1.58e-01 1.54e-01 1.50e-01 1.46e-01 1.43e-01 1.39e-01 1.35e-01 1.32e-01 1.29e-01 1.25e-01 1.22e-01 1.19e-01 1.16e-01 1.13e-01 1.10e-01 1.07e-01 1.04e-01 1.01e-01 9.84e-02 9.58e-02 9.33e-02 9.08e-02 8.83e-02 8.60e-02 8.37e-02 8.14e-02 7.93e-02 7.71e-02 7.51e-02 7.31e-02 7.12e-02 6.93e-02 6.74e-02 6.57e-02 6.39e-02 6.23e-02 6.06e-02 5.91e-02 5.75e-02 5.61e-02 5.46e-02 5.32e-02 5.19e-02 5.06e-02 4.93e-02 4.81e-02 4.69e-02 4.58e-02 4.47e-02 4.36e-02 4.25e-02 4.15e-02 4.05e-02 3.96e-02 3.87e-02 3.78e-02 3.69e-02 3.61e-02 3.53e-02 3.45e-02 3.37e-02 3.30e-02 3.23e-02 3.16e-02 3.09e-02 3.03e-02 2.96e-02 2.90e-02 2.84e-02 2.79e-02 2.73e-02 2.68e-02 2.62e-02 2.57e-02 2.52e-02 2.48e-02 2.43e-02 2.38e-02 2.34e-02 2.30e-02 2.26e-02 2.22e-02 2.18e-02 2.14e-02 2.10e-02 2.06e-02 2.03e-02 2.00e-02 1.96e-02 1.93e-02 1.90e-02 1.87e-02 1.84e-02 1.81e-02 1.78e-02 1.75e-02 1.72e-02 1.70e-02 1.67e-02 1.65e-02 1.62e-02 1.60e-02 1.57e-02 1.55e-02 1.53e-02 1.51e-02 1.49e-02 1.47e-02 1.44e-02 1.42e-02 1.41e-02 1.39e-02 1.37e-02 1.35e-02 1.33e-02 1.32e-02 1.30e-02 1.28e-02 1.27e-02 1.25e-02 1.23e-02 1.22e-02 1.20e-02 1.19e-02 1.18e-02 1.16e-02 1.15e-02 1.14e-02 1.12e-02 1.11e-02 1.10e-02 1.09e-02 1.08e-02 1.06e-02 1.05e-02 1.04e-02 1.03e-02 1.02e-02 1.01e-02 1.00e-02 9.91e-03 9.82e-03 9.73e-03 9.64e-03 9.55e-03 9.47e-03 9.38e-03 9.30e-03 9.22e-03 9.15e-03 9.07e-03 9.00e-03 8.93e-03 8.86e-03 8.79e-03 8.72e-03 8.66e-03 8.59e-03 8.53e-03 8.47e-03 8.42e-03 8.36e-03 8.30e-03 8.25e-03 8.20e-03 8.15e-03 8.10e-03 8.05e-03 8.01e-03 7.96e-03 7.92e-03 7.87e-03 7.83e-03 7.79e-03 7.75e-03 7.72e-03 7.68e-03 7.64e-03 7.61e-03 7.58e-03 7.54e-03 7.51e-03 7.48e-03 7.45e-03 7.43e-03 7.40e-03 7.37e-03 7.35e-03 7.32e-03 7.30e-03 7.28e-03 7.26e-03 7.24e-03 7.22e-03 7.20e-03 7.18e-03 7.16e-03 7.15e-03 7.13e-03 7.12e-03 7.10e-03 7.09e-03 7.08e-03 7.07e-03 7.05e-03 7.04e-03 7.04e-03 7.03e-03 7.02e-03 7.01e-03 7.01e-03 7.00e-03 7.00e-03 6.99e-03 6.99e-03 6.99e-03 6.98e-03 6.98e-03 6.98e-03
4.41e-01 4.41e-01 4.41e-01 4.40e-01 4.40e-01 4.39e-01 4.38e-01 4.37e-01 4.36e-01 4.35e-01 4.34e-01 4.32e-01 4.30e-01 4.29e-01 4.27e-01 4.25e-01 4.22e-01 4.20e-01 4.18e-01 4.15e-01 4.12e-01 4.09e-01 4.06e-01 4.03e-01 4.00e-01 3.97e-01 3.94e-01 3.90e-01 3.87e-01 3.83e-01 3.79e-01 3.75e-01 3.72e-01 3.68e-01 3.63e-01 3.59e-01 3.55e-01 3.51e-01 3.47e-01 3.42e-01 3.38e-01 3.33e-01 3.29e-01 3.24e-01 3.20e-01 3.15e-01 3.11e-01 3.06e-01 3.01e-01 2.97e-01 2.92e-01 2.87e-01 2.82e-01 2.78e-01 2.73e-01 2.68e-01 2.64e-01 2.59e-01 2.54e-01 2.50e-01 2.45e-01 2.40e-01 2.36e-01 2.31e-01 2.27e-01 2.22e-01 2.18e-01 2.13e-01 2.09e-01 2.05e-01 2.01e-01 1.96e-01 1.92e-01 1.88e-01 1.84e-01 1.80e-01 1.76e-01 1.72e-01 1.68e-01 1.64e-01 1.61e-01 1.57e-01 1.53e-01 1.50e-01 1.46e-01 1.43e-01 1.39e-01 1.36e-01 1.33e-01 1.30e-01 1.26e-01 1.23e-01 1.20e-01 1.17e-01 1.15e-01 1.12e-01 1.09e-01 1.06e-01 1.04e-01 1.01e-01 9.86e-02 9.62e-02 9.38e-02 9.14e-02 8.92e-02 8.69e-02 8.48e-02 8.27e-02 8.06e-02 7.86e-02 7.67e-02 7.48e-02 7.30e-02 7.12e-02 6.94e-02 6.77e-02 6.61e-02 6.45e-02 6.29e-02 6.14e-02 6.00e-02 5.86e-02 5.72e-02 5.58e-02 5.45e-02 5.33e-02 5.20e-02 5.09e-02 4.97e-02 4.86e-02 4.75e-02 4.64e-02 4.54e-02 4.44e-02 4.35e-02 4.25e-02 4.16e-02 4.08e-02 3.99e-02 3.91e-02 3.83e-02 3.75e-02 3.68e-02 3.61e-02 3.53e-02 3.47e-02 3.40e-02 3.33e-02 3.27e-02 3.21e-02 3.15e-02 3.10e-02 3.04e-02 2.99e-02 2.93e-02 2.88e-02 2.83e-02 2.78e-02 2.74e-02 2.69e-02 2.65e-02 2.61e-02 2.56e-02 2.52e-02 2.48e-02 2.44e-02 2.41e-02 2.37e-02 2.33e-02 2.30e-02 2.27e-02 2.23e-02 2.20e-02 2.17e-02 2.14e-02 2.11e-02 2.08e-02 2.05e-02 2.02e-02 2.00e-02 1.97e-02 1.94e-02 1.92e-02 1.89e-02 1.87e-02 1.85e-02 1.82e-02 1.80e-02 1.78e-02 1.76e-02 1.73e-02 1.71e-02 1.69e-02 1.67e-02 1.65e-02 1.64e-02 1.62e-02 1.60e-02 1.58e-02 1.56e-02 1.55e-02 1.53e-02 1.51e-02 1.50e-02 1.48e-02 1.47e-02 1.45e-02 1.44e-02 1.42e-02 1.41e-02 1.39e-02 1.38e-02 1.37e-02 1.35e-02 1.34e-02 1.33e-02 1.32e-02 1.31e-02 1.29e-02 1.28e-02 1.27e-02 1.26e-02 1.25e-02 1.24e-02 1.23e-02 1.22e-02 1.21e-02 1.20e-02 1.19e-02 1.18e-02 1.17e-02 1.16e-02 1.16e-02 1.15e-02 1.14e-02 1.13e-02 1.12e-02 1.12e-02 1.11e-02 1.10e-02 1.09e-02 1.09e-02 1.08e-02 1.07e-02 1.07e-02 1.06e-02 1.06e-02 1.05e-02 1.04e-02 1.04e-02 1.03e-02 1.03e-02 1.02e-02 1.02e-02 1.01e-02 1.01e-02 1.00e-02 9.99e-03 9.94e-03 9.90e-03 9.86e-03 9.82e-03 9.78e-03 9.75e-03 9.71e-03 9.68e-03 9.64e-03 9.61e-03 9.58e-03 9.55e-03 9.52e-03 9.50e-03 9.47e-03 9.44e-03 9.42e-03 9.40e-03 9.37e-03 9.35e-03 9.33e-03 9.31e-03 9.29e-03 9.28e-03 9.26e-03 9.25e-03 9.23e-03 9.22e-03 9.21e-03 9.19e-03 9.18e-03 9.17e-03 9.17e-03 9.16e-03 9.15e-03 9.15e-03 9.14e-03 9.14e-03 9.13e-03 9.13e-03 9.13e-03 9.13e-03
4.08e-01 4.08e-01 4.08e-01 4.07e-01 4.07e-01 4.06e-01 4.06e-01 4.05e-01 4.04e-01 4.03e-01 4.01e-01 4.00e-01 3.99e-01 3.97e-01 3.95e-01 3.94e-01 3.92e-01 3.90e-01 3.88e-01 3.85e-01 3.83e-01 3.80e-01 3.78e-01 3.75e-01 3.72e-01 3.70e-01 3.67e-01 3.64e-01 3.61e-01 3.57e-01 3.54e-01 3.51e-01 3.47e-01 3.44e-01 3.40e-01 3.37e-01 3.33e-01 3.29e-01 3.25e-01 3.22e-01 3.18e-01 3.14e-01 3.10e-01 3.06e-01 3.02e-01 2.98e-01 2.94e-01 2.90e-01 2.85e-01 2.81e-01 2.77e-01 2.73e-01 2.69e-01 2.65e-01 2.60e-01 2.56e-01 2.52e-01 2.48e-01 2.44e-01 2.39e-01 2.35e-01 2.31e-01 2.27e-01 2.23e-01 2.19e-01 2.15e-01 2.11e-01 2.07e-01 2.03e-01 1.99e-01 1.95e-01 1.91e-01 1.87e-01 1.84e-01 1.80e-01 1.76e-01 1.72e-01 1.69e-01 1.65e-01 1.62e-01 1.58e-01 1.55e-01 1.52e-01 1.48e-01 1.45e-01 1.42e-01 1.39e-01 1.36e-01 1.33e-01 1.30e-01 1.27e-01 1.24e-01 1.21e-01 1.18e-01 1.16e-01 1.13e-01 1.10e-01 1.08e-01 1.05e-01 1.03e-01 1.00e-01 9.81e-02 9.58e-02 9.36e-02 9.14e-02 8.93e-02 8.72e-02 8.52e-02 8.32e-02 8.13e-02 7.94e-02 7.76e-02 7.58e-02 7.41e-02 7.24e-02 7.08e-02 6.92e-02 6.76e-02 6.61e-02 6.46e-02 6.32e-02 6.18e-02 6.04e-02 5.91e-02 5.78e-02 5.66e-02 5.54e-02 5.42e-02 5.31e-02 5.19e-02 5.09e-02 4.98e-02 4.88e-02 4.78e-02 4.69e-02 4.59e-02 4.50e-02 4.42e-02 4.33e-02 4.25e-02 4.17e-02 4.09e-02 4.02e-02 3.94e-02 3.87e-02 3.80e-02 3.74e-02 3.67e-02 3.61e-02 3.55e-02 3.49e-02 3.43e-02 3.37e-02 3.32e-02 3.27e-02 3.22e-02 3.17e-02 3.12e-02 3.07e-02 3.02e-02 2.98e-02 2.94e-02 2.89e-02 2.85e-02 2.81e-02 2.77e-02 2.73e-02 2.70e-02 2.66e-02 2.63e-02 2.59e-02 2.56e-02 2.52e-02 2.49e-02 2.46e-02 2.43e-02 2.40e-02 2.37e-02 2.34e-02 2.32e-02 2.29e-02 2.26e-02 2.24e-02 2.21e-02 2.19e-02 2.16e-02 2.14e-02 2.12e-02 2.09e-02 2.07e-02 2.05e-02 2.03e-02 2.01e-02 1.99e-02 1.97e-02 1.95e-02 1.93e-02 1.91e-02 1.89e-02 1.87e-02 1.85e-02 1.84e-02 1.82e-02 1.80e-02 1.79e-02 1.77e-02 1.75e-02 1.74e-02 1.72e-02 1.71e-02 1.69e-02 1.68e-02 1.67e-02 1.65e-02 1.64e-02 1.62e-02 1.61e-02 1.60e-02 1.59e-02 1.57e-02 1.56e-02 1.55e-02 1.54e-02 1.53e-02 1.52e-02 1.51e-02 1.49e-02 1.48e-02 1.47e-02 1.46e-02 1.45e-02 1.44e-02 1.43e-02 1.43e-02 1.42e-02 1.41e-02 1.40e-02 1.39e-02 1.38e-02 1.37e-02 1.37e-02 1.36e-02 1.35e-02 1.34e-02 1.34e-02 1.33e-02 1.32e-02 1.32e-02 1.31e-02 1.30e-02 1.30e-02 1.29e-02 1.29e-02 1.28e-02 1.27e-02 1.27e-02 1.26e-02 1.26e-02 1.25e-02 1.25e-02 1.24e-02 1.24e-02 1.23e-02 1.23e-02 1.23e-02 1.22e-02 1.22e-02 1.21e-02 1.21e-02 1.21e-02 1.20e-02 1.20e-02 1.20e-02 1.19e-02 1.19e-02 1.19e-02 1.19e-02 1.18e-02 1.18e-02 1.18e-02 1.18e-02 1.17e-02 1.17e-02 1.17e-02 1.17e-02 1.17e-02 1.17e-02 1.16e-02 1.16e-02 1.16e-02 1.16e-02 1.16e-02 1.16e-02 1.16e-02 1.16e-02 1.16e-02 1.16e-02 1.16e-02 1.16e-02 1.16e-02
3.79e-01 3.79e-01 3.79e-01 3.79e-01 3.78e-01 3.78e-01 3.77e-01 3.76e-01 3.76e-01 3.75e-01 3.74e-01 3.72e-01 3.71e-01 3.70e-01 3.68e-01 3.67e-01 3.65e-01 3.63e-01 3.61e-01 3.59e-01 3.57e-01 3.55e-01 3.53e-01 3.51e-01 3.48e-01 3.46e-01 3.43e-01 3.40e-01 3.38e-01 3.35e-01 3.32e-01 3.29e-01 3.26e-01 3.23e-01 3.20e-01 3.17e-01 3.13e-01 3.10e-01 3.07e-01 3.03e-01 3.00e-01 2.96e-01 2.93e-01 2.89e-01 2.86e-01 2.82e-01 2.78e-01 2.75e-01 2.71e-01 2.67e-01 2.64e-01 2.60e-01 2.56e-01 2.52e-01 2.48e-01 2.45e-01 2.41e-01 2.37e-01 2.33e-01 2.30e-01 2.26e-01 2.22e-01 2.18e-01 2.15e-01 2.11e-01 2.07e-01 2.04e-01 2.00e-01 1.96e-01 1.93e-01 1.89e-01 1.86e-01 1.82e-01 1.79e-01 1.75e-01 1.72e-01 1.69e-01 1.65e-01 1.62e-01 1.59e-01 1.56e-01 1.53e-01 1.49e-01 1.46e-01 1.43e-01 1.40e-01 1.37e-01 1.35e-01 1.32e-01 1.29e-01 1.26e-01 1.24e-01 1.21e-01 1.18e-01 1.16e-01 1.13e-01 1.11e-01 1.08e-01 1.06e-01 1.04e-01 1.02e-01 9.93e-02 9.71e-02 9.50e-02 9.29e-02 9.09e-02 8.89e-02 8.70e-02 8.51e-02 8.33e-02 8.15e-02 7.97e-02 7.80e-02 7.63e-02 7.47e-02 7.31e-02 7.15e-02 7.00e-02 6.86e-02 6.71e-02 6.57e-02 6.44e-02 6.31e-02 6.18e-02 6.05e-02 5.93e-02 5.81e-02 5.70e-02 5.59e-02 5.48e-02 5.37e-02 5.27e-02 5.17e-02 5.07e-02 4.98e-02 4.89e-02 4.80e-02 4.71e-02 4.63e-02 4.55e-02 4.47e-02 4.39e-02 4.32e-02 4.24e-02 4.17e-02 4.11e-02 4.04e-02 3.97e-02 3.91e-02 3.85e-02 3.79e-02 3.73e-02 3.68e-02 3.62e-02 3.57e-02 3.52e-02 3.47e-02 3.42e-02 3.38e-02 3.33e-02 3.29e-02 3.24e-02 3.20e-02 3.16e-02 3.12e-02 3.08e-02 3.04e-02 3.00e-02 2.97e-02 2.93e-02 2.90e-02 2.87e-02 2.83e-02 2.80e-02 2.77e-02 2.74e-02 2.71e-02 2.68e-02 2.65e-02 2.63e-02 2.60e-02 2.57e-02 2.55e-02 2.52e-02 2.50e-02 2.47e-02 2.45e-02 2.43e-02 2.40e-02 2.38e-02 2.36e-02 2.34e-02 2.32e-02 2.30e-02 2.28e-02 2.26e-02 2.24e-02 2.22e-02 2.20e-02 2.18e-02 2.16e-02 2.15e-02 2.13e-02 2.11e-02 2.10e-02 2.08e-02 2.06e-02 2.05e-02 2.03e-02 2.02e-02 2.00e-02 1.99e-02 1.97e-02 1.96e-02 1.94e-02 1.93e-02 1.92e-02 1.90e-02 1.89e-02 1.88e-02 1.87e-02 1.85e-02 1.84e-02 1.83e-02 1.82e-02 1.81e-02 1.80e-02 1.78e-02 1.77e-02 1.76e-02 1.75e-02 1.74e-02 1.73e-02 1.72e-02 1.71e-02 1.70e-02 1.70e-02 1.69e-02 1.68e-02 1.67e-02 1.66e-02 1.65e-02 1.64e-02 1.64e-02 1.63e-02 1.62e-02 1.61e-02 1.61e-02 1.60e-02 1.59e-02 1.59e-02 1.58e-02 1.57e-02 1.57e-02 1.56e-02 1.55e-02 1.55e-02 1.54e-02 1.54e-02 1.53e-02 1.53e-02 1.52e-02 1.52e-02 1.51e-02 1.51e-02 1.50e-02 1.50e-02 1.49e-02 1.49e-02 1.49e-02 1.48e-02 1.48e-02 1.48e-02 1.47e-02 1.47e-02 1.47e-02 1.46e-02 1.46e-02 1.46e-02 1.45e-02 1.45e-02 1.45e-02 1.45e-02 1.45e-02 1.44e-02 1.44e-02 1.44e-02 1.44e-02 1.44e-02 1.44e-02 1.43e-02 1.43e-02 1.43e-02 1.43e-02 1.43e-02 1.43e-02 1.43e-02 1.43e-02 1.43e-02 1.43e-02
3.54e-01 3.54e-01 3.54e-01 3.54e-01 3.54e-01 3.53e-01 3.53e-01 3.52e-01 3.51e-01 3.50e-01 3.49e-01 3.48e-01 3.47e-01 3.46e-01 3.45e-01 3.43e-01 3.42e-01 3.40e-01 3.39e-01 3.37e-01 3.35e-01 3.33e-01 3.31e-01 3.29e-01 3.27e-01 3.25e-01 3.22e-01 3.20e-01 3.18e-01 3.15e-01 3.12e-01 3.10e-01 3.07e-01 3.04e-01 3.02e-01 2.99e-01 2.96e-01 2.93e-01 2.90e-01 2.87e-01 2.84e-01 2.81e-01 2.77e-01 2.74e-01 2.71e-01 2.68e-01 2.64e-01 2.61e-01 2.58e-01 2.54e-01 2.51e-01 2.48e-01 2.44e-01 2.41e-01 2.38e-01 2.34e-01 2.31e-01 2.27e-01 2.24e-01 2.20e-01 2.17e-01 2.14e-01 2.10e-01 2.07e-01 2.04e-01 2.00e-01 1.97e-01 1.94e-01 1.90e-01 1.87e-01 1.84e-01 1.80e-01 1.77e-01 1.74e-01 1.71e-01 1.68e-01 1.65e-01 1.62e-01 1.59e-01 1.56e-01 1.53e-01 1.50e-01 1.47e-01 1.44e-01 1.41e-01 1.39e-01 1.36e-01 1.33e-01 1.30e-01 1.28e-01 1.25e-01 1.23e-01 1.20e-01 1.18e-01 1.15e-01 1.13e-01 1.11e-01 1.09e-01 1.06e-01 1.04e-01 1.02e-01 9.99e-02 9.78e-02 9.58e-02 9.39e-02 9.19e-02 9.00e-02 8.82e-02 8.64e-02 8.46e-02 8.29e-02 8.12e-02 7.96e-02 7.80e-02 7.64e-02 7.49e-02 7.34e-02 7.19e-02 7.05e-02 6.91e-02 6.78e-02 6.65e-02 6.52e-02 6.39e-02 6.27e-02 6.15e-02 6.04e-02 5.93e-02 5.82e-02 5.71e-02 5.61e-02 5.51e-02 5.41e-02 5.32e-02 5.22e-02 5.14e-02 5.05e-02 4.96e-02 4.88e-02 4.80e-02 4.72e-02 4.65e-02 4.58e-02 4.51e-02 4.44e-02 4.37e-02 4.30e-02 4.24e-02 4.18e-02 4.12e-02 4.06e-02 4.01e-02 3.95e-02 3.90e-02 3.85e-02 3.80e-02 3.75e-02 3.70e-02 3.65e-02 3.61e-02 3.56e-02 3.52e-02 3.48e-02 3.44e-02 3.40e-02 3.36e-02 3.33e-02 3.29e-02 3.25e-02 3.22e-02 3.19e-02 3.15e-02 3.12e-02 3.09e-02 3.06e-02 3.03e-02 3.00e-02 2.97e-02 2.95e-02 2.92e-02 2.89e-02 2.87e-02 2.84e-02 2.82e-02 2.79e-02 2.77e-02 2.75e-02 2.73e-02 2.70e-02 2.68e-02 2.66e-02 2.64e-02 2.62e-02 2.60e-02 2.58e-02 2.56e-02 2.54e-02 2.52e-02 2.51e-02 2.49e-02 2.47e-02 2.45e-02 2.44e-02 2.42e-02 2.40e-02 2.39e-02 2.37e-02 2.36e-02 2.34e-02 2.33e-02 2.31e-02 2.30e-02 2.28e-02 2.27e-02 2.26e-02 2.24e-02 2.23e-02 2.22e-02 2.20e-02 2.19e-02 2.18e-02 2.17e-02 2.15e-02 2.14e-02 2.13e-02 2.12e-02 2.11e-02 2.10e-02 2.09e-02 2.07e-02 2.06e-02 2.05e-02 2.04e-02 2.03e-02 2.02e-02 2.01e-02 2.01e-02 2.00e-02 1.99e-02 1.98e-02 1.97e-02 1.96e-02 1.95e-02 1.94e-02 1.94e-02 1.93e-02 1.92e-02 1.91e-02 1.91e-02 1.90e-02 1.89e-02 1.89e-02 1.88e-02 1.87e-02 1.87e-02 1.86e-02 1.85e-02 1.85e-02 1.84e-02 1.84e-02 1.83e-02 1.83e-02 1.82e-02 1.81e-02 1.81e-02 1.81e-02 1.80e-02 1.80e-02 1.79e-02 1.79e-02 1.78e-02 1.78e-02 1.78e-02 1.77e-02 1.77e-02 1.77e-02 1.76e-02 1.76e-02 1.76e-02 1.75e-02 1.75e-02 1.75e-02 1.75e-02 1.74e-02 1.74e-02 1.74e-02 1.74e-02 1.74e-02 1.73e-02 1.73e-02 1.73e-02 1.73e-02 1.73e-02 1.73e-02 1.73e-02 1.73e-02 1.73e-02 1.73e-02 1.73e-02 1.73e-02
3.33e-01 3.33e-01 3.32e-01 3.32e-01 3.32e-01 3.32e-01 3.31e-01 3.30e-01 3.30e-01 3.29e-01 3.28e-01 3.27e-01 3.26e-01 3.25e-01 3.24e-01 3.23e-01 3.21e-01 3.20e-01 3.19e-01 3.17e-01 3.15e-01 3.14e-01 3.12e-01 3.10e-01 3.08e-01 3.06e-01 3.04e-01 3.02e-01 3.00e-01 2.97e-01 2.95e-01 2.93e-01 2.90e-01 2.88e-01 2.85e-01 2.83e-01 2.80e-01 2.78e-01 2.75e-01 2.72e-01 2.69e-01 2.66e-01 2.64e-01 2.61e-01 2.58e-01 2.55e-01 2.52e-01 2.49e-01 2.46e-01 2.43e-01 2.40e-01 2.37e-01 2.34e-01 2.31e-01 2.28e-01 2.24e-01 2.21e-01 2.18e-01 2.15e-01 2.12e-01 2.09e-01 2.06e-01 2.03e-01 2.00e-01 1.96e-01 1.93e-01 1.90e-01 1.87e-01 1.84e-01 1.81e-01 1.78e-01 1.75e-01 1.72e-01 1.69e-01 1.66e-01 1.64e-01 1.61e-01 1.58e-01 1.55e-01 1.52e-01 1.50e-01 1.47e-01 1.44e-01 1.42e-01 1.39e-01 1.36e-01 1.34e-01 1.31e-01 1.29e-01 1.26e-01 1.24e-01 1.22e-01 1.19e-01 1.17e-01 1.15e-01 1.13e-01 1.10e-01 1.08e-01 1.06e-01 1.04e-01 1.02e-01 1.00e-01 9.81e-02 9.62e-02 9.43e-02 9.25e-02 9.07e-02 8.89e-02 8.72e-02 8.55e-02 8.39e-02 8.23e-02 8.07e-02 7.91e-02 7.76e-02 7.62e-02 7.47e-02 7.33e-02 7.20e-02 7.06e-02 6.93e-02 6.81e-02 6.68e-02 6.56e-02 6.45e-02 6.33e-02 6.22e-02 6.11e-02 6.01e-02 5.90e-02 5.80e-02 5.71e-02 5.61e-02 5.52e-02 5.43e-02 5.34e-02 5.26e-02 5.18e-02 5.10e-02 5.02e-02 4.95e-02 4.87e-02 4.80e-02 4.73e-02 4.66e-02 4.60e-02 4.54e-02 4.47e-02 4.41e-02 4.36e-02 4.30e-02 4.24e-02 4.19e-02 4.14e-02 4.09e-02 4.04e-02 3.99e-02 3.95e-02 3.90e-02 3.86e-02 3.82e-02 3.78e-02 3.74e-02 3.70e-02 3.66e-02 3.62e-02 3.59e-02 3.55e-02 3.52e-02 3.48e-02 3.45e-02 3.42e-02 3.39e-02 3.36e-02 3.33e-02 3.30e-02 3.28e-02 3.25e-02 3.22e-02 3.20e-02 3.17e-02 3.15e-02 3.12e-02 3.10e-02 3.08e-02 3.05e-02 3.03e-02 3.01e-02 2.99e-02 2.97e-02 2.95e-02 2.93e-02 2.91e-02 2.89e-02 2.87e-02 2.86e-02 2.84e-02 2.82e-02 2.80e-02 2.79e-02 2.77e-02 2.75e-02 2.74e-02 2.72e-02 2.71e-02 2.69e-02 2.68e-02 2.66e-02 2.65e-02 2.63e-02 2.62e-02 2.60e-02 2.59e-02 2.58e-02 2.56e-02 2.55e-02 2.54e-02 2.53e-02 2.51e-02 2.50e-02 2.49e-02 2.48e-02 2.47e-02 2.46e-02 2.45e-02 2.43e-02 2.42e-02 2.41e-02 2.40e-02 2.39e-02 2.38e-02 2.37e-02 2.36e-02 2.35e-02 2.34e-02 2.33e-02 2.32e-02 2.32e-02 2.31e-02 2.30e-02 2.29e-02 2.28e-02 2.27e-02 2.27e-02 2.26e-02 2.25e-02 2.24e-02 2.23e-02 2.23e-02 2.22e-02 2.21e-02 2.21e-02 2.20e-02 2.19e-02 2.19e-02 2.18e-02 2.17e-02 2.17e-02 2.16e-02 2.16e-02 2.15e-02 2.15e-02 2.14e-02 2.14e-02 2.13e-02 2.13e-02 2.12e-02 2.12e-02 2.11e-02 2.11e-02 2.10e-02 2.10e-02 2.10e-02 2.09e-02 2.09e-02 2.09e-02 2.08e-02 2.08e-02 2.08e-02 2.07e-02 2.07e-02 2.07e-02 2.07e-02 2.06e-02 2.06e-02 2.06e-02 2.06e-02 2.06e-02 2.05e-02 2.05e-02 2.05e-02 2.05e-02 2.05e-02 2.05e-02 2.05e-02 2.05e-02 2.05e-02 2.05e-02 2.05e-02 2.05e-02
3.14e-01 3.14e-01 3.14e-01 3.14e-01 3.14e-01 3.13e-01 3.13e-01 3.12e-01 3.12e-01 3.11e-01 3.10e-01 3.09e-01 3.09e-01 3.08e-01 3.06e-01 3.05e-01 3.04e-01 3.03e-01 3.02e-01 3.00e-01 2.99e-01 2.97e-01 2.95e-01 2.94e-01 2.92e-01 2.90e-01 2.88e-01 2.86e-01 2.84e-01 2.82e-01 2.80e-01 2.78e-01 2.76e-01 2.74e-01 2.71e-01 2.69e-01 2.67e-01 2.64e-01 2.62e-01 2.59e-01 2.57e-01 2.54e-01 2.52e-01 2.49e-01 2.46e-01 2.44e-01 2.41e-01 2.38e-01 2.36e-01 2.33e-01 2.30e-01 2.27e-01 2.24e-01 2.22e-01 2.19e-01 2.16e-01 2.13e-01 2.10e-01 2.07e-01 2.04e-01 2.02e-01 1.99e-01 1.96e-01 1.93e-01 1.90e-01 1.87e-01 1.84e-01 1.82e-01 1.79e-01 1.76e-01 1.73e-01 1.71e-01 1.68e-01 1.65e-01 1.62e-01 1.60e-01 1.57e-01 1.54e-01 1.52e-01 1.49e-01 1.47e-01 1.44e-01 1.42e-01 1.39e-01 1.37e-01 1.34e-01 1.32e-01 1.29e-01 1.27e-01 1.25e-01 1.23e-01 1.20e-01 1.18e-01 1.16e-01 1.14e-01 1.12e-01 1.10e-01 1.08e-01 1.06e-01 1.04e-01 1.02e-01 1.00e-01 9.81e-02 9.63e-02 9.45e-02 9.28e-02 9.11e-02 8.94e-02 8.77e-02 8.61e-02 8.46e-02 8.30e-02 8.15e-02 8.00e-02 7.86e-02 7.72e-02 7.58e-02 7.45e-02 7.31e-02 7.19e-02 7.06e-02 6.94e-02 6.82e-02 6.70e-02 6.59e-02 6.48e-02 6.37e-02 6.27e-02 6.17e-02 6.07e-02 5.97e-02 5.88e-02 5.78e-02 5.70e-02 5.61e-02 5.52e-02 5.44e-02 5.36e-02 5.29e-02 5.21e-02 5.14e-02 5.07e-02 5.00e-02 4.93e-02 4.86e-02 4.80e-02 4.74e-02 4.68e-02 4.62e-02 4.57e-02 4.51e-02 4.46e-02 4.41e-02 4.36e-02 4.31e-02 4.26e-02 4.21e-02 4.17e-02 4.13e-02 4.09e-02 4.04e-02 4.01e-02 3.97e-02 3.93e-02 3.89e-02 3.86e-02 3.82e-02 3.79e-02 3.76e-02 3.73e-02 3.70e-02 3.67e-02 3.64e-02 3.61e-02 3.58e-02 3.55e-02 3.53e-02 3.50e-02 3.48e-02 3.45e-02 3.43e-02 3.41e-02 3.39e-02 3.36e-02 3.34e-02 3.32e-02 3.30e-02 3.28e-02 3.26e-02 3.24e-02 3.22e-02 3.21e-02 3.19e-02 3.17e-02 3.15e-02 3.14e-02 3.12e-02 3.10e-02 3.09e-02 3.07e-02 3.06e-02 3.04e-02 3.03e-02 3.01e-02 3.00e-02 2.99e-02 2.97e-02 2.96e-02 2.95e-02 2.93e-02 2.92e-02 2.91e-02 2.89e-02 2.88e-02 2.87e-02 2.86e-02 2.85e-02 2.84e-02 2.82e-02 2.81e-02 2.80e-02 2.79e-02 2.78e-02 2.77e-02 2.76e-02 2.75e-02 2.74e-02 2.73e-02 2.72e-02 2.71e-02 2.70e-02 2.69e-02 2.68e-02 2.67e-02 2.67e-02 2.66e-02 2.65e-02 2.64e-02 2.63e-02 2.62e-02 2.62e-02 2.61e-02 2.60e-02 2.59e-02 2.58e-02 2.58e-02 2.57e-02 2.56e-02 2.56e-02 2.55e-02 2.54e-02 2.54e-02 2.53e-02 2.52e-02 2.52e-02 2.51e-02 2.51e-02 2.50e-02 2.49e-02 2.49e-02 2.48e-02 2.48e-02 2.47e-02 2.47e-02 2.46e-02 2.46e-02 2.45e-02 2.45e-02 2.45e-02 2.44e-02 2.44e-02 2.43e-02 2.43e-02 2.43e-02 2.42e-02 2.42e-02 2.42e-02 2.41e-02 2.41e-02 2.41e-02 2.41e-02 2.40e-02 2.40e-02 2.40e-02 2.40e-02 2.39e-02 2.39e-02 2.39e-02 2.39e-02 2.39e-02 2.39e-02 2.39e-02 2.38e-02 2.38e-02 2.38e-02 2.38e-02 2.38e-02 2.38e-02 2.38e-02 2.38e-02
2.97e-01 2.97e-01 2.97e-01 2.97e-01 2.97e-01 2.97e-01 2.96e-01 2.96e-01 2.95e-01 2.94e-01 2.94e-01 2.93e-01 2.92e-01 2.91e-01 2.90e-01 2.89e-01 2.88e-01 2.87e-01 2.86e-01 2.85e-01 2.83e-01 2.82e-01 2.80e-01 2.79e-01 2.77e-01 2.76e-01 2.74e-01 2.72e-01 2.70e-01 2.69e-01 2.67e-01 2.65e-01 2.63e-01 2.61e-01 2.59e-01 2.56e-01 2.54e-01 2.52e-01 2.50e-01 2.48e-01 2.45e-01 2.43e-01 2.40e-01 2.38e-01 2.36e-01 2.33e-01 2.31e-01 2.28e-01 2.26e-01 2.23e-01 2.21e-01 2.18e-01 2.15e-01 2.13e-01 2.10e-01 2.08e-01 2.05e-01 2.02e-01 2.00e-01 1.97e-01 1.94e-01 1.92e-01 1.89e-01 1.87e-01 1.84e-01 1.81e-01 1.79e-01 1.76e-01 1.73e-01 1.71e-01 1.68e-01 1.66e-01 1.63e-01 1.61e-01 1.58e-01 1.56e-01 1.53e-01 1.51e-01 1.48e-01 1.46e-01 1.43e-01 1.41e-01 1.39e-01 1.36e-01 1.34e-01 1.32e-01 1.30e-01 1.27e-01 1.25e-01 1.23e-01 1.21e-01 1.19e-01 1.17e-01 1.15e-01 1.13e-01 1.11e-01 1.09e-01 1.07e-01 1.05e-01 1.03e-01 1.01e-01 9.95e-02 9.78e-02 9.60e-02 9.43e-02 9.27e-02 9.11e-02 8.95e-02 8.79e-02 8.64e-02 8.49e-02 8.34e-02 8.19e-02 8.05e-02 7.92e-02 7.78e-02 7.65e-02 7.52e-02 7.39e-02 7.27e-02 7.15e-02 7.03e-02 6.92e-02 6.81e-02 6.70e-02 6.59e-02 6.49e-02 6.39e-02 6.29e-02 6.19e-02 6.10e-02 6.01e-02 5.92e-02 5.84e-02 5.75e-02 5.67e-02 5.59e-02 5.51e-02 5.44e-02 5.37e-02 5.30e-02 5.23e-02 5.16e-02 5.10e-02 5.03e-02 4.97e-02 4.91e-02 4.86e-02 4.80e-02 4.75e-02 4.69e-02 4.64e-02 4.59e-02 4.54e-02 4.50e-02 4.45e-02 4.41e-02 4.37e-02 4.32e-02 4.28e-02 4.25e-02 4.21e-02 4.17e-02 4.14e-02 4.10e-02 4.07e-02 4.04e-02 4.00e-02 3.97e-02 3.94e-02 3.92e-02 3.89e-02 3.86e-02 3.83e-02 3.81e-02 3.78e-02 3.76e-02 3.74e-02 3.71e-02 3.69e-02 3.67e-02 3.65e-02 3.63e-02 3.61e-02 3.59e-02 3.57e-02 3.55e-02 3.53e-02 3.51e-02 3.50e-02 3.48e-02 3.46e-02 3.45e-02 3.43e-02 3.42e-02 3.40e-02 3.39e-02 3.37e-02 3.36e-02 3.34e-02 3.33e-02 3.32e-02 3.31e-02 3.29e-02 3.28e-02 3.27e-02 3.26e-02 3.24e-02 3.23e-02 3.22e-02 3.21e-02 3.20e-02 3.19e-02 3.18e-02 3.17e-02 3.16e-02 3.15e-02 3.13e-02 3.13e-02 3.12e-02 3.11e-02 3.10e-02 3.09e-02 3.08e-02 3.07e-02 3.06e-02 3.05e-02 3.04e-02 3.03e-02 3.03e-02 3.02e-02 3.01e-02 3.00e-02 2.99e-02 2.98e-02 2.98e-02 2.97e-02 2.96e-02 2.95e-02 2.95e-02 2.94e-02 2.93e-02 2.93e-02 2.92e-02 2.91e-02 2.91e-02 2.90e-02 2.89e-02 2.89e-02 2.88e-02 2.88e-02 2.87e-02 2.86e-02 2.86e-02 2.85e-02 2.85e-02 2.84e-02 2.84e-02 2.83e-02 2.83e-02 2.82e-02 2.82e-02 2.81e-02 2.81e-02 2.80e-02 2.80e-02 2.79e-02 2.79e-02 2.79e-02 2.78e-02 2.78e-02 2.78e-02 2.77e-02 2.77e-02 2.77e-02 2.76e-02 2.76e-02 2.76e-02 2.75e-02 2.75e-02 2.75e-02 2.75e-02 2.74e-02 2.74e-02 2.74e-02 2.74e-02 2.74e-02 2.74e-02 2.73e-02 2.73e-02 2.73e-02 2.73e-02 2.73e-02 2.73e-02 2.73e-02 2.73e-02 2.73e-02 2.73e-02 2.73e-02 2.73e-02
2.83e-01 2.83e-01 2.82e-01 2.82e-01 2.82e-01 2.82e-01 2.81e-01 2.81e-01 2.80e-01 2.80e-01 2.79e-01 2.79e-01 2.78e-01 2.77e-01 2.76e-01 2.75e-01 2.74e-01 2.73e-01 2.72e-01 2.71e-01 2.70e-01 2.68e-01 2.67e-01 2.66e-01 2.64e-01 2.63e-01 2.61e-01 2.59e-01 2.58e-01 2.56e-01 2.54e-01 2.53e-01 2.51e-01 2.49e-01 2.47e-01 2.45e-01 2.43e-01 2.41e-01 2.39e-01 2.37e-01 2.35e-01 2.33e-01 2.30e-01 2.28e-01 2.26e-01 2.24e-01 2.21e-01 2.19e-01 2.17e-01 2.14e-01 2.12e-01 2.10e-01 2.07e-01 2.05e-01 2.03e-01 2.00e-01 1.98e-01 1.95e-01 1.93e-01 1.90e-01 1.88e-01 1.85e-01 1.83e-01 1.81e-01 1.78e-01 1.76e-01 1.73e-01 1.71e-01 1.68e-01 1.66e-01 1.64e-01 1.61e-01 1.59e-01 1.56e-01 1.54e-01 1.52e-01 1.49e-01 1.47e-01 1.45e-01 1.43e-01 1.40e-01 1.38e-01 1.36e-01 1.34e-01 1.32e-01 1.29e-01 1.27e-01 1.25e-01 1.23e-01 1.21e-01 1.19e-01 1.17e-01 1.15e-01 1.13e-01 1.11e-01 1.10e-01 1.08e-01 1.06e-01 1.04e-01 1.02e-01 1.01e-01 9.89e-02 9.72e-02 9.56e-02 9.40e-02 9.24e-02 9.08e-02 8.93e-02 8.78e-02 8.64e-02 8.49e-02 8.35e-02 8.21e-02 8.08e-02 7.95e-02 7.82e-02 7.69e-02 7.57e-02 7.45e-02 7.33e-02 7.21e-02 7.10e-02 6.99e-02 6.88e-02 6.78e-02 6.68e-02 6.58e-02 6.48e-02 6.39e-02 6.29e-02 6.20e-02 6.12e-02 6.03e-02 5.95e-02 5.87e-02 5.79e-02 5.71e-02 5.64e-02 5.57e-02 5.50e-02 5.43e-02 5.36e-02 5.30e-02 5.24e-02 5.18e-02 5.12e-02 5.06e-02 5.01e-02 4.95e-02 4.90e-02 4.85e-02 4.80e-02 4.75e-02 4.71e-02 4.66e-02 4.62e-02 4.58e-02 4.54e-02 4.50e-02 4.46e-02 4.42e-02 4.39e-02 4.35e-02 4.32e-02 4.29e-02 4.26e-02 4.23e-02 4.20e-02 4.17e-02 4.14e-02 4.11e-02 4.09e-02 4.06e-02 4.04e-02 4.02e-02 3.99e-02 3.97e-02 3.95e-02 3.93e-02 3.91e-02 3.89e-02 3.87e-02 3.85e-02 3.83e-02 3.81e-02 3.80e-02 3.78e-02 3.77e-02 3.75e-02 3.73e-02 3.72e-02 3.71e-02 3.69e-02 3.68e-02 3.66e-02 3.65e-02 3.64e-02 3.63e-02 3.61e-02 3.60e-02 3.59e-02 3.58e-02 3.57e-02 3.56e-02 3.55e-02 3.54e-02 3.53e-02 3.52e-02 3.51e-02 3.50e-02 3.49e-02 3.48e-02 3.47e-02 3.46e-02 3.45e-02 3.44e-02 3.43e-02 3.42e-02 3.42e-02 3.41e-02 3.40e-02 3.39e-02 3.38e-02 3.38e-02 3.37e-02 3.36e-02 3.35e-02 3.35e-02 3.34e-02 3.33e-02 3.33e-02 3.32e-02 3.31e-02 3.31e-02 3.30e-02 3.29e-02 3.29e-02 3.28e-02 3.27e-02 3.27e-02 3.26e-02 3.26e-02 3.25e-02 3.24e-02 3.24e-02 3.23e-02 3.23e-02 3.22e-02 3.22e-02 3.21e-02 3.21e-02 3.20e-02 3.20e-02 3.19e-02 3.19e-02 3.18e-02 3.18e-02 3.17e-02 3.17e-02 3.16e-02 3.16e-02 3.16e-02 3.15e-02 3.15e-02 3.14e-02 3.14e-02 3.14e-02 3.13e-02 3.13e-02 3.13e-02 3.12e-02 3.12e-02 3.12e-02 3.12e-02 3.11e-02 3.11e-02 3.11e-02 3.11e-02 3.10e-02 3.10e-02 3.10e-02 3.10e-02 3.09e-02 3.09e-02 3.09e-02 3.09e-02 3.09e-02 3.09e-02 3.09e-02 3.08e-02 3.08e-02 3.08e-02 3.08e-02 3.08e-02 3.08e-02 3.08e-02 3.08e-02 3.08e-02 3.08e-02 3.08e-02
2.69e-01 2.69e-01 2.69e-01 2.69e-01 2.69e-01 2.69e-01 2.68e-01 2.68e-01 2.67e-01 2.67e-01 2.66e-01 2.66e-01 2.65e-01 2.64e-01 2.63e-01 2.63e-01 2.62e-01 2.61e-01 2.60e-01 2.59e-01 2.57e-01 2.56e-01 2.55e-01 2.54e-01 2.52e-01 2.51e-01 2.50e-01 2.48e-01 2.47e-01 2.45e-01 2.43e-01 2.42e-01 2.40e-01 2.38e-01 2.37e-01 2.35e-01 2.33e-01 2.31e-01 2.29e-01 2.27e-01 2.25e-01 2.23e-01 2.21e-01 2.19e-01 2.17e-01 2.15e-01 2.13e-01 2.11e-01 2.09e-01 2.07e-01 2.04e-01 2.02e-01 2.00e-01 1.98e-01 1.95e-01 1.93e-01 1.91e-01 1.89e-01 1.86e-01 1.84e-01 1.82e-01 1.80e-01 1.77e-01 1.75e-01 1.73e-01 1.70e-01 1.68e-01 1.66e-01 1.64e-01 1.61e-01 1.59e-01 1.57e-01 1.55e-01 1.53e-01 1.50e-01 1.48e-01 1.46e-01 1.44e-01 1.42e-01 1.40e-01 1.37e-01 1.35e-01 1.33e-01 1.31e-01 1.29e-01 1.27e-01 1.25e-01 1.23e-01 1.21e-01 1.19e-01 1.17e-01 1.16e-01 1.14e-01 1.12e-01 1.10e-01 1.08e-01 1.07e-01 1.05e-01 1.03e-01 1.01e-01 9.98e-02 9.82e-02 9.66e-02 9.50e-02 9.35e-02 9.20e-02 9.05e-02 8.90e-02 8.76e-02 8.62e-02 8.48e-02 8.35e-02 8.22e-02 8.09e-02 7.96e-02 7.84e-02 7.72e-02 7.60e-02 7.48e-02 7.37e-02 7.26e-02 7.15e-02 7.04e-02 6.94e-02 6.84e-02 6.74e-02 6.65e-02 6.55e-02 6.46e-02 6.37e-02 6.29e-02 6.20e-02 6.12e-02 6.04e-02 5.96e-02 5.89e-02 5.82e-02 5.74e-02 5.68e-02 5.61e-02 5.54e-02 5.48e-02 5.42e-02 5.36e-02 5.30e-02 5.24e-02 5.19e-02 5.14e-02 5.09e-02 5.04e-02 4.99e-02 4.94e-02 4.90e-02 4.85e-02 4.81e-02 4.77e-02 4.73e-02 4.69e-02 4.65e-02 4.62e-02 4.58e-02 4.55e-02 4.52e-02 4.49e-02 4.46e-02 4.43e-02 4.40e-02 4.37e-02 4.34e-02 4.32e-02 4.29e-02 4.27e-02 4.25e-02 4.22e-02 4.20e-02 4.18e-02 4.16e-02 4.14e-02 4.12e-02 4.11e-02 4.09e-02 4.07e-02 4.05e-02 4.04e-02 4.02e-02 4.01e-02 3.99e-02 3.98e-02 3.97e-02 3.95e-02 3.94e-02 3.93e-02 3.92e-02 3.91e-02 3.89e-02 3.88e-02 3.87e-02 3.86e-02 3.85e-02 3.84e-02 3.83e-02 3.82e-02 3.81e-02 3.81e-02 3.80e-02 3.79e-02 3.78e-02 3.77e-02 3.76e-02 3.76e-02 3.75e-02 3.74e-02 3.73e-02 3.73e-02 3.72e-02 3.71e-02 3.71e-02 3.70e-02 3.69e-02 3.69e-02 3.68e-02 3.68e-02 3.67e-02 3.66e-02 3.66e-02 3.65e-02 3.65e-02 3.64e-02 3.64e-02 3.63e-02 3.62e-02 3.62e-02 3.61e-02 3.61e-02 3.60e-02 3.60e-02 3.59e-02 3.59e-02 3.59e-02 3.58e-02 3.58e-02 3.57e-02 3.57e-02 3.56e-02 3.56e-02 3.55e-02 3.55e-02 3.55e-02 3.54e-02 3.54e-02 3.53e-02 3.53e-02 3.53e-02 3.52e-02 3.52e-02 3.51e-02 3.51e-02 3.51e-02 3.50e-02 3.50e-02 3.50e-02 3.49e-02 3.49e-02 3.49e-02 3.48e-02 3.48e-02 3.48e-02 3.48e-02 3.47e-02 3.47e-02 3.47e-02 3.47e-02 3.46e-02 3.46e-02 3.46e-02 3.46e-02 3.46e-02 3.45e-02 3.45e-02 3.45e-02 3.45e-02 3.45e-02 3.44e-02 3.44e-02 3.44e-02 3.44e-02 3.44e-02 3.44e-02 3.44e-02 3.44e-02 3.44e-02 3.43e-02 3.43e-02 3.43e-02 3.43e-02 3.43e-02 3.43e-02 3.43e-02 3.43e-02 3.43e-02
2.58e-01 2.58e-01 2.57e-01 2.57e-01 2.57e-01 2.57e-01 2.57e-01 2.56e-01 2.56e-01 2.55e-01 2.55e-01 2.54e-01 2.54e-01 2.53e-01 2.52e-01 2.51e-01 2.50e-01 2.50e-01 2.49e-01 2.48e-01 2.47e-01 2.45e-01 2.44e-01 2.43e-01 2.42e-01 2.41e-01 2.39e-01 2.38e-01 2.37e-01 2.35e-01 2.34e-01 2.32e-01 2.31e-01 2.29e-01 2.27e-01 2.26e-01 2.24e-01 2.22e-01 2.20e-01 2.19e-01 2.17e-01 2.15e-01 2.13e-01 2.11e-01 2.09e-01 2.07e-01 2.05e-01 2.03e-01 2.01e-01 1.99e-01 1.97e-01 1.95e-01 1.93e-01 1.91e-01 1.89e-01 1.87e-01 1.85e-01 1.83e-01 1.81e-01 1.78e-01 1.76e-01 1.74e-01 1.72e-01 1.70e-01 1.68e-01 1.66e-01 1.64e-01 1.61e-01 1.59e-01 1.57e-01 1.55e-01 1.53e-01 1.51e-01 1.49e-01 1.47e-01 1.45e-01 1.43e-01 1.41e-01 1.39e-01 1.37e-01 1.35e-01 1.33e-01 1.31e-01 1.29e-01 1.27e-01 1.25e-01 1.23e-01 1.21e-01 1.19e-01 1.17e-01 1.16e-01 1.14e-01 1.12e-01 1.10e-01 1.09e-01 1.07e-01 1.05e-01 1.04e-01 1.02e-01 1.00e-01 9.89e-02 9.74e-02 9.58e-02 9.43e-02 9.29e-02 9.14e-02 9.00e-02 8.86e-02 8.73e-02 8.59e-02 8.46e-02 8.33e-02 8.21e-02 8.08e-02 7.96e-02 7.84e-02 7.73e-02 7.61e-02 7.50e-02 7.39e-02 7.29e-02 7.18e-02 7.08e-02 6.98e-02 6.88e-02 6.79e-02 6.70e-02 6.61e-02 6.52e-02 6.44e-02 6.35e-02 6.27e-02 6.19e-02 6.12e-02 6.04e-02 5.97e-02 5.90e-02 5.83e-02 5.76e-02 5.70e-02 5.64e-02 5.58e-02 5.52e-02 5.46e-02 5.40e-02 5.35e-02 5.30e-02 5.25e-02 5.20e-02 5.15e-02 5.11e-02 5.06e-02 5.02e-02 4.98e-02 4.94e-02 4.90e-02 4.86e-02 4.82e-02 4.79e-02 4.76e-02 4.72e-02 4.69e-02 4.66e-02 4.63e-02 4.60e-02 4.58e-02 4.55e-02 4.53e-02 4.50e-02 4.48e-02 4.46e-02 4.43e-02 4.41e-02 4.39e-02 4.37e-02 4.35e-02 4.34e-02 4.32e-02 4.30e-02 4.29e-02 4.27e-02 4.26e-02 4.24e-02 4.23e-02 4.22e-02 4.20e-02 4.19e-02 4.18e-02 4.17e-02 4.16e-02 4.15e-02 4.14e-02 4.13e-02 4.12e-02 4.11e-02 4.10e-02 4.09e-02 4.08e-02 4.07e-02 4.07e-02 4.06e-02 4.05e-02 4.05e-02 4.04e-02 4.03e-02 4.03e-02 4.02e-02 4.01e-02 4.01e-02 4.00e-02 4.00e-02 3.99e-02 3.99e-02 3.98e-02 3.98e-02 3.97e-02 3.97e-02 3.96e-02 3.96e-02 3.96e-02 3.95e-02 3.95e-02 3.94e-02 3.94e-02 3.94e-02 3.93e-02 3.93e-02 3.92e-02 3.92e-02 3.92e-02 3.91e-02 3.91e-02 3.91e-02 3.90e-02 3.90e-02 3.90e-02 3.89e-02 3.89e-02 3.89e-02 3.88e-02 3.88e-02 3.88e-02 3.87e-02 3.87e-02 3.87e-02 3.87e-02 3.86e-02 3.86e-02 3.86e-02 3.86e-02 3.85e-02 3.85e-02 3.85e-02 3.84e-02 3.84e-02 3.84e-02 3.84e-02 3.84e-02 3.83e-02 3.83e-02 3.83e-02 3.83e-02 3.82e-02 3.82e-02 3.82e-02 3.82e-02 3.82e-02 3.81e-02 3.81e-02 3.81e-02 3.81e-02 3.81e-02 3.81e-02 3.80e-02 3.80e-02 3.80e-02 3.80e-02 3.80e-02 3.80e-02 3.80e-02 3.79e-02 3.79e-02 3.79e-02 3.79e-02 3.79e-02 3.79e-02 3.79e-02 3.79e-02 3.79e-02 3.79e-02 3.79e-02 3.78e-02 3.78e-02 3.78e-02 3.78e-02 3.78e-02 3.78e-02 3.78e-02 3.78e-02 3.78e-02
2.47e-01 2.47e-01 2.47e-01 2.47e-01 2.47e-01 2.46e-01 2.46e-01 2.46e-01 2.45e-01 2.45e-01 2.44e-01 2.44e-01 2.43e-01 2.43e-01 2.42e-01 2.41e-01 2.40e-01 2.40e-01 2.39e-01 2.38e-01 2.37e-01 2.36e-01 2.35e-01 2.34e-01 2.33e-01 2.31e-01 2.30e-01 2.29e-01 2.28e-01 2.26e-01 2.25e-01 2.23e-01 2.22e-01 2.20e-01 2.19e-01 2.17e-01 2.16e-01 2.14e-01 2.13e-01 2.11e-01 2.09e-01 2.07e-01 2.06e-01 2.04e-01 2.02e-01 2.00e-01 1.98e-01 1.97e-01 1.95e-01 1.93e-01 1.91e-01 1.89e-01 1.87e-01 1.85e-01 1.83e-01 1.81e-01 1.79e-01 1.77e-01 1.75e-01 1.73e-01 1.71e-01 1.69e-01 1.67e-01 1.65e-01 1.63e-01 1.61e-01 1.59e-01 1.57e-01 1.55e-01 1.53e-01 1.51e-01 1.49e-01 1.47e-01 1.45e-01 1.43e-01 1.41e-01 1.39e-01 1.38e-01 1.36e-01 1.34e-01 1.32e-01 1.30e-01 1.28e-01 1.26e-01 1.24e-01 1.23e-01 1.21e-01 1.19e-01 1.17e-01 1.16e-01 1.14e-01 1.12e-01 1.11e-01 1.09e-01 1.07e-01 1.06e-01 1.04e-01 1.03e-01 1.01e-01 9.95e-02 9.80e-02 9.65e-02 9.50e-02 9.36e-02 9.22e-02 9.08e-02 8.95e-02 8.81e-02 8.68e-02 8.56e-02 8.43e-02 8.31e-02 8.18e-02 8.07e-02 7.95e-02 7.84e-02 7.72e-02 7.61e-02 7.51e-02 7.40e-02 7.30e-02 7.20e-02 7.10e-02 7.01e-02 6.92e-02 6.83e-02 6.74e-02 6.65e-02 6.57e-02 6.48e-02 6.40e-02 6.33e-02 6.25e-02 6.18e-02 6.11e-02 6.04e-02 5.97e-02 5.90e-02 5.84e-02 5.78e-02 5.72e-02 5.66e-02 5.60e-02 5.55e-02 5.49e-02 5.44e-02 5.39e-02 5.34e-02 5.30e-02 5.25e-02 5.21e-02 5.17e-02 5.13e-02 5.09e-02 5.05e-02 5.01e-02 4.98e-02 4.94e-02 4.91e-02 4.88e-02 4.85e-02 4.82e-02 4.79e-02 4.76e-02 4.74e-02 4.71e-02 4.69e-02 4.66e-02 4.64e-02 4.62e-02 4.60e-02 4.58e-02 4.56e-02 4.54e-02 4.53e-02 4.51e-02 4.49e-02 4.48e-02 4.46e-02 4.45e-02 4.44e-02 4.43e-02 4.41e-02 4.40e-02 4.39e-02 4.38e-02 4.37e-02 4.36e-02 4.35e-02 4.34e-02 4.33e-02 4.33e-02 4.32e-02 4.31e-02 4.31e-02 4.30e-02 4.29e-02 4.29e-02 4.28e-02 4.28e-02 4.27e-02 4.27e-02 4.26e-02 4.26e-02 4.25e-02 4.25e-02 4.25e-02 4.24e-02 4.24e-02 4.24e-02 4.23e-02 4.23e-02 4.23e-02 4.22e-02 4.22e-02 4.22e-02 4.22e-02 4.21e-02 4.21e-02 4.21e-02 4.21e-02 4.20e-02 4.20e-02 4.20e-02 4.20e-02 4.20e-02 4.20e-02 4.19e-02 4.19e-02 4.19e-02 4.19e-02 4.19e-02 4.19e-02 4.18e-02 4.18e-02 4.18e-02 4.18e-02 4.18e-02 4.18e-02 4.18e-02 4.17e-02 4.17e-02 4.17e-02 4.17e-02 4.17e-02 4.17e-02 4.17e-02 4.17e-02 4.16e-02 4.16e-02 4.16e-02 4.16e-02 4.16e-02 4.16e-02 4.16e-02 4.16e-02 4.16e-02 4.15e-02 4.15e-02 4.15e-02 4.15e-02 4.15e-02 4.15e-02 4.15e-02 4.15e-02 4.15e-02 4.14e-02 4.14e-02 4.14e-02 4.14e-02 4.14e-02 4.14e-02 4.14e-02 4.14e-02 4.14e-02 4.14e-02 4.14e-02 4.14e-02 4.13e-02 4.13e-02 4.13e-02 4.13e-02 4.13e-02 4.13e-02 4.13e-02 4.13e-02 4.13e-02 4.13e-02 4.13e-02 4.13e-02 4.13e-02 4.13e-02 4.13e-02 4.13e-02 4.13e-02 4.13e-02 4.13e-02 4.13e-02 4.13e-02 4.13e-02
2.38e-01 2.38e-01 2.38e-01 2.37e-01 2.37e-01 2.37e-01 2.37e-01 2.36e-01 2.36e-01 2.36e-01 2.35e-01 2.35e-01 2.34e-01 2.34e-01 2.33e-01 2.32e-01 2.31e-01 2.31e-01 2.30e-01 2.29e-01 2.28e-01 2.27e-01 2.26e-01 2.25e-01 2.24e-01 2.23e-01 2.22e-01 2.21e-01 2.19e-01 2.18e-01 2.17e-01 2.16e-01 2.14e-01 2.13e-01 2.11e-01 2.10e-01 2.08e-01 2.07e-01 2.05e-01 2.04e-01 2.02e-01 2.01e-01 1.99e-01 1.97e-01 1.96e-01 1.94e-01 1.92e-01 1.90e-01 1.89e-01 1.87e-01 1.85e-01 1.83e-01 1.81e-01 1.80e-01 1.78e-01 1.76e-01 1.74e-01 1.72e-01 1.70e-01 1.68e-01 1.67e-01 1.65e-01 1.63e-01 1.61e-01 1.59e-01 1.57e-01 1.55e-01 1.53e-01 1.51e-01 1.50e-01 1.48e-01 1.46e-01 1.44e-01 1.42e-01 1.40e-01 1.38e-01 1.37e-01 1.35e-01 1.33e-01 1.31e-01 1.29e-01 1.28e-01 1.26e-01 1.24e-01 1.22e-01 1.21e-01 1.19e-01 1.17e-01 1.16e-01 1.14e-01 1.12e-01 1.11e-01 1.09e-01 1.07e-01 1.06e-01 1.04e-01 1.03e-01 1.01e-01 9.99e-02 9.84e-02 9.70e-02 9.56e-02 9.42e-02 9.28e-02 9.15e-02 9.02e-02 8.89e-02 8.76e-02 8.64e-02 8.51e-02 8.39e-02 8.27e-02 8.16e-02 8.04e-02 7.93e-02 7.82e-02 7.71e-02 7.61e-02 7.51e-02 7.41e-02 7.31e-02 7.21e-02 7.12e-02 7.03e-02 6.94e-02 6.85e-02 6.76e-02 6.68e-02 6.60e-02 6.52e-02 6.44e-02 6.37e-02 6.30e-02 6.23e-02 6.16e-02 6.09e-02 6.02e-02 5.96e-02 5.90e-02 5.84e-02 5.78e-02 5.73e-02 5.67e-02 5.62e-02 5.57e-02 5.52e-02 5.47e-02 5.43e-02 5.38e-02 5.34e-02 5.30e-02 5.26e-02 5.22e-02 5.18e-02 5.15e-02 5.11e-02 5.08e-02 5.05e-02 5.01e-02 4.99e-02 4.96e-02 4.93e-02 4.90e-02 4.88e-02 4.85e-02 4.83e-02 4.81e-02 4.79e-02 4.77e-02 4.75e-02 4.73e-02 4.71e-02 4.70e-02 4.68e-02 4.67e-02 4.65e-02 4.64e-02 4.62e-02 4.61e-02 4.60e-02 4.59e-02 4.58e-02 4.57e-02 4.56e-02 4.55e-02 4.54e-02 4.53e-02 4.53e-02 4.52e-02 4.51e-02 4.51e-02 4.50e-02 4.50e-02 4.49e-02 4.49e-02 4.48e-02 4.48e-02 4.48e-02 4.47e-02 4.47e-02 4.47e-02 4.47e-02 4.46e-02 4.46e-02 4.46e-02 4.46e-02 4.46e-02 4.45e-02 4.45e-02 4.45e-02 4.45e-02 4.45e-02 4.45e-02 4.45e-02 4.45e-02 4.45e-02 4.45e-02 4.45e-02 4.45e-02 4.45e-02 4.45e-02 4.45e-02 4.45e-02 4.45e-02 4.45e-02 4.45e-02 4.45e-02 4.45e-02 4.45e-02 4.45e-02 4.45e-02 4.45e-02 4.45e-02 4.45e-02 4.45e-02 4.45e-02 4.45e-02 4.45e-02 4.46e-02 4.46e-02 4.46e-02 4.46e-02 4.46e-02 4.46e-02 4.46e-02 4.46e-02 4.46e-02 4.46e-02 4.46e-02 4.46e-02 4.46e-02 4.46e-02 4.46e-02 4.46e-02 4.46e-02 4.46e-02 4.46e-02 4.46e-02 4.46e-02 4.46e-02 4.46e-02 4.46e-02 4.46e-02 4.46e-02 4.46e-02 4.46e-02 4.46e-02 4.46e-02 4.46e-02 4.46e-02 4.46e-02 4.46e-02 4.46e-02 4.46e-02 4.46e-02 4.46e-02 4.46e-02 4.46e-02 4.46e-02 4.46e-02 4.46e-02 4.46e-02 4.46e-02 4.46e-02 4.46e-02 4.46e-02 4.46e-02 4.46e-02 4.46e-02 4.46e-02 4.46e-02 4.46e-02 4.46e-02 4.46e-02 4.46e-02 4.46e-02 4.46e-02 4.46e-02 4.46e-02 4.46e-02
2.29e-01 2.29e-01 2.29e-01 2.29e-01 2.29e-01 2.29e-01 2.28e-01 2.28e-01 2.28e-01 2.27e-01 2.27e-01 2.26e-01 2.26e-01 2.25e-01 2.25e-01 2.24e-01 2.23e-01 2.23e-01 2.22e-01 2.21e-01 2.20e-01 2.19e-01 2.18e-01 2.17e-01 2.16e-01 2.15e-01 2.14e-01 2.13e-01 2.12e-01 2.11e-01 2.10e-01 2.08e-01 2.07e-01 2.06e-01 2.04e-01 2.03e-01 2.02e-01 2.00e-01 1.99e-01 1.97e-01 1.96e-01 1.94e-01 1.93e-01 1.91e-01 1.90e-01 1.88e-01 1.86e-01 1.85e-01 1.83e-01 1.81e-01 1.80e-01 1.78e-01 1.76e-01 1.75e-01 1.73e-01 1.71e-01 1.69e-01 1.68e-01 1.66e-01 1.64e-01 1.62e-01 1.60e-01 1.59e-01 1.57e-01 1.55e-01 1.53e-01 1.52e-01 1.50e-01 1.48e-01 1.46e-01 1.44e-01 1.43e-01 1.41e-01 1.39e-01 1.37e-01 1.36e-01 1.34e-01 1.32e-01 1.30e-01 1.29e-01 1.27e-01 1.25e-01 1.24e-01 1.22e-01 1.20e-01 1.19e-01 1.17e-01 1.15e-01 1.14e-01 1.12e-01 1.11e-01 1.09e-01 1.08e-01 1.06e-01 1.05e-01 1.03e-01 1.02e-01 1.00e-01 9.88e-02 9.74e-02 9.61e-02 9.47e-02 9.34e-02 9.21e-02 9.08e-02 8.95e-02 8.83e-02 8.70e-02 8.58e-02 8.46e-02 8.35e-02 8.23e-02 8.12e-02 8.01e-02 7.91e-02 7.80e-02 7.70e-02 7.60e-02 7.50e-02 7.40e-02 7.31e-02 7.21e-02 7.12e-02 7.03e-02 6.95e-02 6.86e-02 6.78e-02 6.70e-02 6.62e-02 6.55e-02 6.47e-02 6.40e-02 6.33e-02 6.26e-02 6.20e-02 6.13e-02 6.07e-02 6.01e-02 5.95e-02 5.89e-02 5.84e-02 5.78e-02 5.73e-02 5.68e-02 5.63e-02 5.59e-02 5.54e-02 5.50e-02 5.45e-02 5.41e-02 5.37e-02 5.34e-02 5.30e-02 5.26e-02 5.23e-02 5.20e-02 5.17e-02 5.14e-02 5.11e-02 5.08e-02 5.05e-02 5.03e-02 5.00e-02 4.98e-02 4.96e-02 4.94e-02 4.92e-02 4.90e-02 4.88e-02 4.86e-02 4.85e-02 4.83e-02 4.82e-02 4.80e-02 4.79e-02 4.78e-02 4.77e-02 4.76e-02 4.75e-02 4.74e-02 4.73e-02 4.72e-02 4.71e-02 4.70e-02 4.70e-02 4.69e-02 4.69e-02 4.68e-02 4.68e-02 4.67e-02 4.67e-02 4.66e-02 4.66e-02 4.66e-02 4.66e-02 4.66e-02 4.65e-02 4.65e-02 4.65e-02 4.65e-02 4.65e-02 4.65e-02 4.65e-02 4.65e-02 4.65e-02 4.65e-02 4.65e-02 4.65e-02 4.65e-02 4.66e-02 4.66e-02 4.66e-02 4.66e-02 4.66e-02 4.66e-02 4.67e-02 4.67e-02 4.67e-02 4.67e-02 4.67e-02 4.68e-02 4.68e-02 4.68e-02 4.68e-02 4.69e-02 4.69e-02 4.69e-02 4.69e-02 4.70e-02 4.70e-02 4.70e-02 4.70e-02 4.71e-02 4.71e-02 4.71e-02 4.71e-02 4.72e-02 4.72e-02 4.72e-02 4.72e-02 4.73e-02 4.73e-02 4.73e-02 4.73e-02 4.73e-02 4.74e-02 4.74e-02 4.74e-02 4.74e-02 4.74e-02 4.75e-02 4.75e-02 4.75e-02 4.75e-02 4.75e-02 4.76e-02 4.76e-02 4.76e-02 4.76e-02 4.76e-02 4.76e-02 4.77e-02 4.77e-02 4.77e-02 4.77e-02 4.77e-02 4.77e-02 4.77e-02 4.77e-02 4.78e-02 4.78e-02 4.78e-02 4.78e-02 4.78e-02 4.78e-02 4.78e-02 4.78e-02 4.78e-02 4.78e-02 4.78e-02 4.78e-02 4.79e-02 4.79e-02 4.79e-02 4.79e-02 4.79e-02 4.79e-02 4.79e-02 4.79e-02 4.79e-02 4.79e-02 4.79e-02 4.79e-02 4.79e-02 4.79e-02 4.79e-02 4.79e-02 4.79e-02 4.79e-02 4.79e-02
2.21e-01 2.21e-01 2.21e-01 2.21e-01 2.21e-01 2.21e-01 2.21e-01 2.20e-01 2.20e-01 2.20e-01 2.19e-01 2.19e-01 2.18e-01 2.18e-01 2.17e-01 2.17e-01 2.16e-01 2.15e-01 2.15e-01 2.14e-01 2.13e-01 2.12e-01 2.11e-01 2.10e-01 2.10e-01 2.09e-01 2.08e-01 2.06e-01 2.05e-01 2.04e-01 2.03e-01 2.02e-01 2.01e-01 2.00e-01 1.98e-01 1.97e-01 1.96e-01 1.94e-01 1.93e-01 1.92e-01 1.90e-01 1.89e-01 1.87e-01 1.86e-01 1.84e-01 1.83e-01 1.81e-01 1.80e-01 1.78e-01 1.77e-01 1.75e-01 1.73e-01 1.72e-01 1.70e-01 1.68e-01 1.67e-01 1.65e-01 1.63e-01 1.62e-01 1.60e-01 1.58e-01 1.57e-01 1.55e-01 1.53e-01 1.52e-01 1.50e-01 1.48e-01 1.46e-01 1.45e-01 1.43e-01 1.41e-01 1.40e-01 1.38e-01 1.36e-01 1.35e-01 1.33e-01 1.31e-01 1.30e-01 1.28e-01 1.26e-01 1.25e-01 1.23e-01 1.21e-01 1.20e-01 1.18e-01 1.17e-01 1.15e-01 1.14e-01 1.12e-01 1.11e-01 1.09e-01 1.08e-01 1.06e-01 1.05e-01 1.03e-01 1.02e-01 1.01e-01 9.91e-02 9.78e-02 9.65e-02 9.51e-02 9.38e-02 9.26e-02 9.13e-02 9.01e-02 8.88e-02 8.76e-02 8.65e-02 8.53e-02 8.42e-02 8.30e-02 8.19e-02 8.09e-02 7.98e-02 7.88e-02 7.77e-02 7.68e-02 7.58e-02 7.48e-02 7.39e-02 7.30e-02 7.21e-02 7.12e-02 7.04e-02 6.95e-02 6.87e-02 6.79e-02 6.72e-02 6.64e-02 6.57e-02 6.50e-02 6.43e-02 6.36e-02 6.29e-02 6.23e-02 6.17e-02 6.11e-02 6.05e-02 5.99e-02 5.94e-02 5.88e-02 5.83e-02 5.78e-02 5.73e-02 5.69e-02 5.64e-02 5.60e-02 5.56e-02 5.52e-02 5.48e-02 5.44e-02 5.40e-02 5.37e-02 5.34e-02 5.31e-02 5.27e-02 5.25e-02 5.22e-02 5.19e-02 5.16e-02 5.14e-02 5.12e-02 5.09e-02 5.07e-02 5.05e-02 5.03e-02 5.02e-02 5.00e-02 4.98e-02 4.97e-02 4.95e-02 4.94e-02 4.93e-02 4.92e-02 4.90e-02 4.89e-02 4.88e-02 4.88e-02 4.87e-02 4.86e-02 4.85e-02 4.85e-02 4.84e-02 4.84e-02 4.83e-02 4.83e-02 4.82e-02 4.82e-02 4.82e-02 4.82e-02 4.82e-02 4.81e-02 4.81e-02 4.81e-02 4.81e-02 4.81e-02 4.81e-02 4.81e-02 4.82e-02 4.82e-02 4.82e-02 4.82e-02 4.82e-02 4.83e-02 4.83e-02 4.83e-02 4.83e-02 4.84e-02 4.84e-02 4.84e-02 4.85e-02 4.85e-02 4.86e-02 4.86e-02 4.86e-02 4.87e-02 4.87e-02 4.88e-02 4.88e-02 4.89e-02 4.89e-02 4.89e-02 4.90e-02 4.90e-02 4.91e-02 4.91e-02 4.92e-02 4.92e-02 4.93e-02 4.93e-02 4.94e-02 4.94e-02 4.95e-02 4.95e-02 4.95e-02 4.96e-02 4.96e-02 4.97e-02 4.97e-02 4.98e-02 4.98e-02 4.98e-02 4.99e-02 4.99e-02 5.00e-02 5.00e-02 5.00e-02 5.01e-02 5.01e-02 5.02e-02 5.02e-02 5.02e-02 5.03e-02 5.03e-02 5.03e-02 5.04e-02 5.04e-02 5.04e-02 5.05e-02 5.05e-02 5.05e-02 5.05e-02 5.06e-02 5.06e-02 5.06e-02 5.06e-02 5.07e-02 5.07e-02 5.07e-02 5.07e-02 5.08e-02 5.08e-02 5.08e-02 5.08e-02 5.08e-02 5.09e-02 5.09e-02 5.09e-02 5.09e-02 5.09e-02 5.09e-02 5.09e-02 5.10e-02 5.10e-02 5.10e-02 5.10e-02 5.10e-02 5.10e-02 5.10e-02 5.10e-02 5.10e-02 5.10e-02 5.10e-02 5.10e-02 5.11e-02 5.11e-02 5.11e-02 5.11e-02 5.11e-02 5.11e-02
2.15e-01 2.15e-01 2.15e-01 2.14e-01 2.14e-01 2.14e-01 2.14e-01 2.14e-01 2.13e-01 2.13e-01 2.13e-01 2.12e-01 2.12e-01 2.11e-01 2.11e-01 2.10e-01 2.09e-01 2.09e-01 2.08e-01 2.07e-01 2.07e-01 2.06e-01 2.05e-01 2.04e-01 2.03e-01 2.02e-01 2.01e-01 2.00e-01 1.99e-01 1.98e-01 1.97e-01 1.96e-01 1.95e-01 1.94e-01 1.93e-01 1.91e-01 1.90e-01 1.89e-01 1.88e-01 1.86e-01 1.85e-01 1.84e-01 1.82e-01 1.81e-01 1.79e-01 1.78e-01 1.76e-01 1.75e-01 1.73e-01 1.72e-01 1.70e-01 1.69e-01 1.67e-01 1.66e-01 1.64e-01 1.63e-01 1.61e-01 1.60e-01 1.58e-01 1.56e-01 1.55e-01 1.53e-01 1.51e-01 1.50e-01 1.48e-01 1.47e-01 1.45e-01 1.43e-01 1.42e-01 1.40e-01 1.39e-01 1.37e-01 1.35e-01 1.34e-01 1.32e-01 1.30e-01 1.29e-01 1.27e-01 1.26e-01 1.24e-01 1.23e-01 1.21e-01 1.20e-01 1.18e-01 1.16e-01 1.15e-01 1.14e-01 1.12e-01 1.11e-01 1.09e-01 1.08e-01 1.06e-01 1.05e-01 1.03e-01 1.02e-01 1.01e-01 9.94e-02 9.81e-02 9.68e-02 9.55e-02 9.42e-02 9.30e-02 9.17e-02 9.05e-02 8.93e-02 8.82e-02 8.70e-02 8.59e-02 8.47e-02 8.36e-02 8.26e-02 8.15e-02 8.05e-02 7.94e-02 7.84e-02 7.75e-02 7.65e-02 7.56e-02 7.46e-02 7.37e-02 7.29e-02 7.20e-02 7.12e-02 7.03e-02 6.95e-02 6.87e-02 6.80e-02 6.72e-02 6.65e-02 6.58e-02 6.51e-02 6.44e-02 6.38e-02 6.32e-02 6.25e-02 6.20e-02 6.14e-02 6.08e-02 6.03e-02 5.97e-02 5.92e-02 5.87e-02 5.83e-02 5.78e-02 5.73e-02 5.69e-02 5.65e-02 5.61e-02 5.57e-02 5.53e-02 5.50e-02 5.46e-02 5.43e-02 5.40e-02 5.37e-02 5.34e-02 5.31e-02 5.29e-02 5.26e-02 5.24e-02 5.22e-02 5.20e-02 5.17e-02 5.16e-02 5.14e-02 5.12e-02 5.10e-02 5.09e-02 5.07e-02 5.06e-02 5.05e-02 5.04e-02 5.03e-02 5.02e-02 5.01e-02 5.00e-02 4.99e-02 4.98e-02 4.98e-02 4.97e-02 4.97e-02 4.96e-02 4.96e-02 4.96e-02 4.95e-02 4.95e-02 4.95e-02 4.95e-02 4.95e-02 4.95e-02 4.95e-02 4.95e-02 4.95e-02 4.95e-02 4.96e-02 4.96e-02 4.96e-02 4.96e-02 4.97e-02 4.97e-02 4.98e-02 4.98e-02 4.98e-02 4.99e-02 4.99e-02 5.00e-02 5.00e-02 5.01e-02 5.02e-02 5.02e-02 5.03e-02 5.03e-02 5.04e-02 5.05e-02 5.05e-02 5.06e-02 5.06e-02 5.07e-02 5.08e-02 5.08e-02 5.09e-02 5.10e-02 5.10e-02 5.11e-02 5.12e-02 5.12e-02 5.13e-02 5.14e-02 5.14e-02 5.15e-02 5.16e-02 5.16e-02 5.17e-02 5.18e-02 5.18e-02 5.19e-02 5.20e-02 5.20e-02 5.21e-02 5.22e-02 5.22e-02 5.23e-02 5.23e-02 5.24e-02 5.25e-02 5.25e-02 5.26e-02 5.26e-02 5.27e-02 5.27e-02 5.28e-02 5.28e-02 5.29e-02 5.29e-02 5.30e-02 5.30e-02 5.31e-02 5.31e-02 5.32e-02 5.32e-02 5.33e-02 5.33e-02 5.33e-02 5.34e-02 5.34e-02 5.35e-02 5.35e-02 5.35e-02 5.36e-02 5.36e-02 5.36e-02 5.37e-02 5.37e-02 5.37e-02 5.38e-02 5.38e-02 5.38e-02 5.38e-02 5.39e-02 5.39e-02 5.39e-02 5.39e-02 5.39e-02 5.40e-02 5.40e-02 5.40e-02 5.40e-02 5.40e-02 5.40e-02 5.40e-02 5.40e-02 5.41e-02 5.41e-02 5.41e-02 5.41e-02 5.41e-02 5.41e-02 5.41e-02 5.41e-02 5.41e-02

